0.000000000000000000e+00 5.291761611838269319e-01
1.010101010101010083e-01 5.970224281116972564e-01
2.020202020202020166e-01 5.036315007325735671e-01
3.030303030303030387e-01 6.388435621750749860e-01
4.040404040404040331e-01 6.043930505703887235e-02
5.050505050505050830e-01 5.783111653773373995e-01
6.060606060606060774e-01 7.399128370761793860e-01
7.070707070707070718e-01 1.026122240812740172e+00
8.080808080808080662e-01 2.976867838902036434e-01
9.090909090909090606e-01 1.111893899553504594e+00
1.010101010101010166e+00 1.827051964188014077e+00
1.111111111111111160e+00 1.161618352563131618e+00
1.212121212121212155e+00 9.872593234941438034e-01
1.313131313131313149e+00 1.049075217172822372e+00
1.414141414141414144e+00 1.621462158078793125e+00
1.515151515151515138e+00 1.406920147509644670e+00
1.616161616161616132e+00 1.906378365254074447e+00
1.717171717171717127e+00 1.950674440642051533e+00
1.818181818181818121e+00 2.093116396963397019e+00
1.919191919191919116e+00 1.886267543542803127e+00
2.020202020202020332e+00 2.127719603025023165e+00
2.121212121212121104e+00 2.504050788000805827e+00
2.222222222222222321e+00 1.914012596725095161e+00
2.323232323232323093e+00 3.108268868759354486e+00
2.424242424242424310e+00 3.062896993047841132e+00
2.525252525252525082e+00 3.079132317854719858e+00
2.626262626262626299e+00 2.646414989452658517e+00
2.727272727272727071e+00 2.620460620795779239e+00
2.828282828282828287e+00 3.389154610606174067e+00
2.929292929292929060e+00 3.039856065037988220e+00
3.030303030303030276e+00 2.998323377100351461e+00
3.131313131313131048e+00 3.263371615044269980e+00
3.232323232323232265e+00 3.158484334671169513e+00
3.333333333333333481e+00 4.125470068914091293e+00
3.434343434343434254e+00 3.731106353573082401e+00
3.535353535353535470e+00 3.454720536154667787e+00
3.636363636363636243e+00 3.975293716504070485e+00
3.737373737373737459e+00 4.042683834292812861e+00
3.838383838383838231e+00 4.213127483479169655e+00
3.939393939393939448e+00 4.038337371361858885e+00
4.040404040404040664e+00 3.864466965518857045e+00
4.141414141414140992e+00 3.708176418097440585e+00
4.242424242424242209e+00 4.376035329854751410e+00
4.343434343434343425e+00 4.692654218756484141e+00
4.444444444444444642e+00 4.523373646535372217e+00
4.545454545454544970e+00 4.876525101997940759e+00
4.646464646464646187e+00 4.955911375890706516e+00
4.747474747474747403e+00 5.223818536859073269e+00
4.848484848484848619e+00 6.442664902955828055e+00
4.949494949494949836e+00 6.360567304788006027e+00
5.050505050505050164e+00 6.019650035225192042e+00
5.151515151515151381e+00 7.117840557306081450e+00
5.252525252525252597e+00 7.954613857759277096e+00
5.353535353535353813e+00 8.324212219222914655e+00
5.454545454545454142e+00 8.512374188810413855e+00
5.555555555555555358e+00 9.152048371677825145e+00
5.656565656565656575e+00 9.527741024805738590e+00
5.757575757575757791e+00 9.426594725738189240e+00
5.858585858585858119e+00 1.070191791289273908e+01
5.959595959595959336e+00 9.968868804987316423e+00
6.060606060606060552e+00 9.719706847367007185e+00
6.161616161616161769e+00 9.426122770293360986e+00
6.262626262626262097e+00 9.809873354699217174e+00
6.363636363636363313e+00 8.773793978660942017e+00
6.464646464646464530e+00 8.354915952852250527e+00
6.565656565656565746e+00 7.688078062286258785e+00
6.666666666666666963e+00 5.982145981779469324e+00
6.767676767676767291e+00 5.474368737855647815e+00
6.868686868686868507e+00 4.743928353317985014e+00
6.969696969696969724e+00 4.485140042403844340e+00
7.070707070707070940e+00 3.265307636414894965e+00
7.171717171717171269e+00 2.425009651473531758e+00
7.272727272727272485e+00 2.410478643800940013e+00
7.373737373737373701e+00 1.571419321211526832e+00
7.474747474747474918e+00 1.585984705810770556e+00
7.575757575757575246e+00 1.270817476236337340e+00
7.676767676767676463e+00 1.016311133576784265e+00
7.777777777777777679e+00 9.622819799546388220e-01
7.878787878787878896e+00 5.352548064886065715e-01
7.979797979797979224e+00 4.508326396938260316e-01
8.080808080808081328e+00 1.309279514092661079e-01
8.181818181818181657e+00 3.100460245663461678e-01
8.282828282828281985e+00 2.417198792275583319e-01
8.383838383838384090e+00 -2.796733665756165887e-01
8.484848484848484418e+00 -1.305654561081621701e-01
8.585858585858586522e+00 -1.646734133713735615e-01
8.686868686868686851e+00 4.986839608614189456e-02
8.787878787878787179e+00 2.703023363367702825e-02
8.888888888888889284e+00 -8.141976860738703303e-02
8.989898989898989612e+00 1.900622515776121402e-01
9.090909090909089940e+00 6.148202567275233843e-01
9.191919191919192045e+00 2.232779018264713367e-01
9.292929292929292373e+00 -2.694090936811223136e-01
9.393939393939394478e+00 -4.164947741573668538e-01
9.494949494949494806e+00 -3.034331395032283663e-01
9.595959595959595134e+00 -1.461159859868188526e-01
9.696969696969697239e+00 -4.902839554564746849e-01
9.797979797979797567e+00 1.914093098722858821e-01
9.898989898989899672e+00 2.163800329964708502e-01
1.000000000000000000e+01 2.628154096407551155e-01
