0.000000000000000000e+00 1.107695181562882714e-01
1.001001001001000992e-02 4.287262796753756877e-01
2.002002002002001985e-02 4.853736500693646150e-01
3.003003003003002977e-02 5.781801895548116521e-01
4.004004004004003969e-02 3.114322299134318350e-01
5.005005005005004615e-02 6.856167128722948645e-01
6.006006006006005954e-02 4.496570941565779522e-01
7.007007007007007293e-02 7.354497564426313305e-01
8.008008008008007939e-02 5.930342987325187831e-01
9.009009009009008584e-02 3.239561412596608792e-01
1.001001001001000923e-01 6.757711521208379368e-01
1.101101101101101126e-01 4.315958627094285127e-01
1.201201201201201191e-01 6.742264823462393863e-01
1.301301301301301394e-01 5.809399354976487739e-01
1.401401401401401459e-01 5.886217413825017841e-01
1.501501501501501523e-01 3.192624221874816315e-01
1.601601601601601588e-01 6.278028404996857104e-01
1.701701701701701652e-01 2.134073509893342213e-01
1.801801801801801717e-01 7.765404000999958090e-01
1.901901901901901781e-01 1.193612431349717617e+00
2.002002002002001846e-01 4.703981564985971198e-01
2.102102102102102188e-01 8.477538270348224936e-01
2.202202202202202252e-01 5.420380720117652373e-01
2.302302302302302317e-01 5.889937648344893972e-01
2.402402402402402382e-01 1.893662104712726668e-01
2.502502502502502724e-01 4.321367502458639542e-01
2.602602602602602788e-01 1.025598110351011005e+00
2.702702702702702853e-01 7.995517876967965787e-01
2.802802802802802917e-01 6.960618808429595017e-01
2.902902902902902982e-01 8.253790031167134167e-01
3.003003003003003046e-01 8.204850989776452108e-01
3.103103103103103111e-01 6.988481422169273705e-01
3.203203203203203175e-01 1.091418919461901726e+00
3.303303303303303240e-01 8.149715477212334802e-01
3.403403403403403304e-01 4.663715702964024157e-01
3.503503503503503369e-01 4.328115640095932526e-01
3.603603603603603434e-01 7.224162640766841337e-01
3.703703703703703498e-01 7.992370466827545261e-01
3.803803803803803563e-01 4.986408833484746728e-01
3.903903903903903627e-01 7.900264988860121740e-01
4.004004004004003692e-01 5.898387960592668122e-01
4.104104104104104311e-01 4.280308733955970335e-01
4.204204204204204376e-01 5.454698990095218081e-01
4.304304304304304440e-01 6.151854761027433227e-01
4.404404404404404505e-01 8.587833906507108539e-01
4.504504504504504570e-01 7.267835107184781318e-01
4.604604604604604634e-01 4.690710693185587421e-01
4.704704704704704699e-01 6.222324627748763159e-01
4.804804804804804763e-01 7.869081414769953930e-01
4.904904904904904828e-01 4.567985998844252271e-01
5.005005005005005447e-01 8.104779837337771076e-01
5.105105105105105512e-01 4.257282006220799442e-01
5.205205205205205576e-01 5.281365209209978318e-01
5.305305305305305641e-01 7.508240307520216428e-01
5.405405405405405705e-01 5.867957046287732847e-01
5.505505505505505770e-01 9.461183509068501474e-01
5.605605605605605835e-01 6.738004881137233948e-01
5.705705705705705899e-01 6.843272508667271881e-01
5.805805805805805964e-01 6.454356802200926779e-01
5.905905905905906028e-01 8.203734007076122214e-01
6.006006006006006093e-01 2.698083556921431203e-01
6.106106106106106157e-01 6.961599400243106972e-01
6.206206206206206222e-01 4.929897603893789726e-01
6.306306306306306286e-01 8.373983288078088449e-01
6.406406406406406351e-01 9.401067649760220801e-01
6.506506506506506415e-01 7.757383787623892690e-01
6.606606606606606480e-01 1.032605573464180360e+00
6.706706706706706544e-01 5.576079895369756567e-01
6.806806806806806609e-01 6.859378613830018345e-01
6.906906906906906674e-01 8.613582756190072409e-01
7.007007007007006738e-01 7.925950214111849856e-01
7.107107107107106803e-01 6.289245887608533314e-01
7.207207207207206867e-01 8.053099299796779853e-01
7.307307307307306932e-01 1.263933896922061706e+00
7.407407407407406996e-01 7.515599413479511215e-01
7.507507507507507061e-01 7.632501097316712890e-01
7.607607607607607125e-01 8.990738904046932101e-01
7.707707707707707190e-01 1.109372151436321063e+00
7.807807807807807254e-01 6.946701819248903842e-01
7.907907907907907319e-01 1.023725742543165396e+00
8.008008008008007383e-01 6.668816058135171865e-01
8.108108108108108558e-01 8.911004226675041107e-01
8.208208208208208623e-01 7.441150741708981720e-01
8.308308308308308687e-01 7.599032535369755204e-01
8.408408408408408752e-01 8.001995982465843760e-01
8.508508508508508816e-01 8.334053067039075557e-01
8.608608608608608881e-01 9.541750991737000254e-01
8.708708708708708945e-01 1.143516209056320676e+00
8.808808808808809010e-01 6.927939708261348084e-01
8.908908908908909074e-01 1.072074884111818172e+00
9.009009009009009139e-01 1.122849044404701679e+00
9.109109109109109204e-01 7.745758915961228341e-01
9.209209209209209268e-01 4.832477946599361140e-01
9.309309309309309333e-01 9.300743931918195040e-01
9.409409409409409397e-01 1.033334794856458627e+00
9.509509509509509462e-01 1.417119979111520989e+00
9.609609609609609526e-01 7.892929184212735816e-01
9.709709709709709591e-01 8.583374247453238182e-01
9.809809809809809655e-01 1.037986234984780376e+00
9.909909909909909720e-01 1.312246473588182472e+00
1.001001001001001089e+00 1.216227724266718990e+00
1.011011011011011096e+00 1.432046736865537628e+00
1.021021021021021102e+00 7.181764347105228374e-01
1.031031031031031109e+00 1.064765209980709004e+00
1.041041041041041115e+00 1.339975303907833704e+00
1.051051051051051122e+00 9.639965109872306037e-01
1.061061061061061128e+00 1.024075454450875888e+00
1.071071071071071135e+00 9.215985600093088426e-01
1.081081081081081141e+00 1.104118869502031863e+00
1.091091091091091148e+00 1.167375035148765505e+00
1.101101101101101154e+00 6.551236991589945990e-01
1.111111111111111160e+00 1.032906340770784803e+00
1.121121121121121167e+00 1.144135015971296854e+00
1.131131131131131173e+00 8.545287782107464647e-01
1.141141141141141180e+00 1.077070494196249895e+00
1.151151151151151186e+00 1.070818041060331627e+00
1.161161161161161193e+00 1.145864882536519191e+00
1.171171171171171199e+00 1.003050284623157928e+00
1.181181181181181206e+00 1.435055007037067565e+00
1.191191191191191212e+00 1.143864711989940108e+00
1.201201201201201219e+00 1.407629505070594256e+00
1.211211211211211225e+00 8.598585631767534654e-01
1.221221221221221231e+00 9.452574310539976210e-01
1.231231231231231238e+00 9.180413132033580226e-01
1.241241241241241244e+00 1.344789794691521934e+00
1.251251251251251251e+00 1.181623685305530191e+00
1.261261261261261257e+00 1.275487196107599530e+00
1.271271271271271264e+00 1.171263013335264391e+00
1.281281281281281270e+00 1.239393968903089949e+00
1.291291291291291277e+00 1.336724902318575214e+00
1.301301301301301283e+00 1.214881491815271053e+00
1.311311311311311290e+00 1.010977333724887295e+00
1.321321321321321296e+00 1.391156536171639813e+00
1.331331331331331302e+00 1.058093688761987838e+00
1.341341341341341309e+00 1.485307758801480027e+00
1.351351351351351315e+00 1.059484761538464825e+00
1.361361361361361322e+00 1.620645063300289124e+00
1.371371371371371328e+00 1.479068404631377565e+00
1.381381381381381335e+00 1.552024037958970482e+00
1.391391391391391341e+00 1.613251757951200460e+00
1.401401401401401348e+00 1.335035474298241986e+00
1.411411411411411354e+00 1.128958012061868521e+00
1.421421421421421361e+00 1.124522473853931670e+00
1.431431431431431367e+00 1.167184141396617969e+00
1.441441441441441373e+00 1.533651398548844469e+00
1.451451451451451380e+00 1.296614095032107450e+00
1.461461461461461386e+00 1.269414281064340955e+00
1.471471471471471393e+00 1.777700374883153245e+00
1.481481481481481399e+00 1.535249497629163518e+00
1.491491491491491406e+00 1.226140284490107923e+00
1.501501501501501412e+00 1.220674015881441976e+00
1.511511511511511419e+00 1.348913099336822574e+00
1.521521521521521425e+00 1.634260964832544349e+00
1.531531531531531432e+00 1.536156882820202796e+00
1.541541541541541438e+00 1.594743606193383734e+00
1.551551551551551444e+00 1.600827619064875806e+00
1.561561561561561451e+00 1.341693356332377185e+00
1.571571571571571457e+00 1.154676108549374414e+00
1.581581581581581464e+00 1.225609076650870488e+00
1.591591591591591470e+00 1.424943386997769013e+00
1.601601601601601477e+00 1.342912564739830783e+00
1.611611611611611705e+00 1.360936946446580365e+00
1.621621621621621712e+00 1.938531112721026961e+00
1.631631631631631718e+00 1.947231900408790350e+00
1.641641641641641725e+00 1.809534992839495704e+00
1.651651651651651731e+00 1.661005937608534211e+00
1.661661661661661737e+00 1.791106040518779530e+00
1.671671671671671744e+00 1.680849642668256205e+00
1.681681681681681750e+00 1.631413783289376029e+00
1.691691691691691757e+00 1.530267451722196359e+00
1.701701701701701763e+00 1.655392030648177304e+00
1.711711711711711770e+00 1.597804614017092062e+00
1.721721721721721776e+00 1.563429874868241143e+00
1.731731731731731783e+00 1.458833176806676235e+00
1.741741741741741789e+00 1.899185506409135638e+00
1.751751751751751796e+00 2.098666015074231339e+00
1.761761761761761802e+00 2.188342314562408131e+00
1.771771771771771808e+00 2.028276081033156153e+00
1.781781781781781815e+00 1.795532721911510921e+00
1.791791791791791821e+00 2.387753592760255561e+00
1.801801801801801828e+00 1.446624596860329071e+00
1.811811811811811834e+00 1.653334396599913880e+00
1.821821821821821841e+00 1.910512886728221060e+00
1.831831831831831847e+00 2.011554583753322412e+00
1.841841841841841854e+00 1.754387348604670827e+00
1.851851851851851860e+00 2.002398378550604985e+00
1.861861861861861867e+00 2.179357435539356125e+00
1.871871871871871873e+00 2.035479361826705524e+00
1.881881881881881879e+00 2.280028120443708062e+00
1.891891891891891886e+00 2.188035423085402442e+00
1.901901901901901892e+00 2.126609392279413147e+00
1.911911911911911899e+00 1.851003480216280916e+00
1.921921921921921905e+00 2.295799597245801849e+00
1.931931931931931912e+00 2.264667322903567648e+00
1.941941941941941918e+00 2.211618678117611925e+00
1.951951951951951925e+00 1.986927202837163176e+00
1.961961961961961931e+00 2.256386623660615154e+00
1.971971971971971938e+00 2.270447819412372503e+00
1.981981981981981944e+00 2.358643751779220921e+00
1.991991991991991950e+00 2.138742001543224802e+00
2.002002002002002179e+00 2.243466076651070562e+00
2.012012012012012185e+00 2.685618778434251119e+00
2.022022022022022192e+00 2.177327021000795781e+00
2.032032032032032198e+00 2.417825917611228004e+00
2.042042042042042205e+00 2.069010909913947760e+00
2.052052052052052211e+00 2.239227201488708463e+00
2.062062062062062218e+00 2.485656835911520535e+00
2.072072072072072224e+00 2.420371261930868823e+00
2.082082082082082231e+00 2.652498786485571802e+00
2.092092092092092237e+00 2.268380070684582694e+00
2.102102102102102243e+00 2.722222702653567694e+00
2.112112112112112250e+00 2.704663197301457433e+00
2.122122122122122256e+00 2.534737780882440283e+00
2.132132132132132263e+00 2.454630740058913130e+00
2.142142142142142269e+00 2.704391705131573787e+00
2.152152152152152276e+00 2.522697875805235856e+00
2.162162162162162282e+00 2.431542625345969544e+00
2.172172172172172289e+00 2.355679381343906531e+00
2.182182182182182295e+00 2.810945526135610884e+00
2.192192192192192302e+00 2.760723262636763486e+00
2.202202202202202308e+00 2.738184818038504442e+00
2.212212212212212314e+00 2.702449160937429262e+00
2.222222222222222321e+00 2.589271332319595942e+00
2.232232232232232327e+00 3.275884666079456053e+00
2.242242242242242334e+00 2.803768115527227600e+00
2.252252252252252340e+00 2.686737397722954945e+00
2.262262262262262347e+00 3.210454539423576392e+00
2.272272272272272353e+00 2.974002885410963248e+00
2.282282282282282360e+00 2.847743173127054384e+00
2.292292292292292366e+00 3.086333490072541430e+00
2.302302302302302373e+00 3.121841607018444265e+00
2.312312312312312379e+00 2.784766442234596795e+00
2.322322322322322385e+00 2.719152032702702115e+00
2.332332332332332392e+00 3.060447038593931524e+00
2.342342342342342398e+00 3.058955637573667730e+00
2.352352352352352405e+00 3.199634590453182881e+00
2.362362362362362411e+00 3.166843147737488540e+00
2.372372372372372418e+00 3.173720301099599350e+00
2.382382382382382424e+00 3.346304238940742248e+00
2.392392392392392431e+00 3.291504895882870319e+00
2.402402402402402437e+00 3.344912162025232227e+00
2.412412412412412444e+00 3.164381532632051464e+00
2.422422422422422450e+00 3.331025753034575043e+00
2.432432432432432456e+00 3.255512172076380217e+00
2.442442442442442463e+00 3.278990278251719293e+00
2.452452452452452469e+00 3.483517263072820391e+00
2.462462462462462476e+00 3.529610622597960212e+00
2.472472472472472482e+00 3.455968924333843173e+00
2.482482482482482489e+00 3.585213578249686339e+00
2.492492492492492495e+00 3.655695957687731923e+00
2.502502502502502502e+00 3.902362492218444334e+00
2.512512512512512508e+00 3.255890916633166654e+00
2.522522522522522515e+00 3.595032250807089103e+00
2.532532532532532521e+00 3.639366249680801246e+00
2.542542542542542527e+00 3.836315465720386619e+00
2.552552552552552534e+00 4.197587778164801442e+00
2.562562562562562540e+00 3.716387873818779219e+00
2.572572572572572547e+00 3.437081961037716571e+00
2.582582582582582553e+00 3.858432304297662263e+00
2.592592592592592560e+00 3.839556475174001449e+00
2.602602602602602566e+00 3.879759727932536872e+00
2.612612612612612573e+00 4.172593150399393380e+00
2.622622622622622579e+00 3.709570972290563873e+00
2.632632632632632586e+00 4.065228156029117024e+00
2.642642642642642592e+00 3.850909413930263536e+00
2.652652652652652598e+00 3.803246657770532391e+00
2.662662662662662605e+00 4.055115392667048901e+00
2.672672672672672611e+00 3.973293903930295468e+00
2.682682682682682618e+00 4.159146542655138390e+00
2.692692692692692624e+00 3.937897144729476384e+00
2.702702702702702631e+00 3.917733918160198225e+00
2.712712712712712637e+00 4.124731280517258014e+00
2.722722722722722644e+00 4.094478005920620056e+00
2.732732732732732650e+00 4.445122432167166515e+00
2.742742742742742657e+00 4.036307993788344817e+00
2.752752752752752663e+00 4.144598138414937516e+00
2.762762762762762669e+00 4.483479301605568068e+00
2.772772772772772676e+00 4.611596526005714125e+00
2.782782782782782682e+00 4.493872486633948782e+00
2.792792792792792689e+00 4.356321126627118012e+00
2.802802802802802695e+00 4.296419760599195392e+00
2.812812812812812702e+00 4.004836868595363697e+00
2.822822822822822708e+00 4.489555270829157507e+00
2.832832832832832715e+00 4.356666289035040052e+00
2.842842842842842721e+00 4.659893163633839208e+00
2.852852852852852727e+00 4.080137632686701821e+00
2.862862862862862734e+00 4.260319275823627017e+00
2.872872872872872740e+00 4.657599922550894611e+00
2.882882882882882747e+00 4.341553553161056733e+00
2.892892892892892753e+00 4.715644155824262995e+00
2.902902902902902760e+00 4.497664750526496391e+00
2.912912912912912766e+00 4.213697846112702372e+00
2.922922922922922773e+00 4.792246103497289411e+00
2.932932932932932779e+00 4.835992957468093323e+00
2.942942942942942786e+00 4.265960709239045912e+00
2.952952952952952792e+00 4.623709101796999121e+00
2.962962962962962798e+00 4.535750509359291804e+00
2.972972972972972805e+00 4.370632515629102599e+00
2.982982982982982811e+00 4.557257597781498859e+00
2.992992992992992818e+00 4.394230506384286805e+00
3.003003003003002824e+00 4.557149184837940403e+00
3.013013013013012831e+00 4.506343554572161736e+00
3.023023023023022837e+00 4.343651963216081491e+00
3.033033033033032844e+00 4.692387989181438179e+00
3.043043043043042850e+00 4.354077445082645603e+00
3.053053053053052857e+00 4.668275612891388704e+00
3.063063063063062863e+00 4.889266346746230063e+00
3.073073073073072869e+00 4.392660205037357990e+00
3.083083083083082876e+00 4.285495813031510615e+00
3.093093093093092882e+00 3.903901047243405031e+00
3.103103103103102889e+00 4.376161783993260279e+00
3.113113113113112895e+00 4.630672415635512351e+00
3.123123123123122902e+00 4.288311426700794904e+00
3.133133133133132908e+00 4.112023872030629690e+00
3.143143143143142915e+00 4.329496460685313686e+00
3.153153153153152921e+00 4.600874535917357733e+00
3.163163163163162928e+00 4.156269196002337019e+00
3.173173173173172934e+00 4.158007397501462421e+00
3.183183183183182940e+00 4.030536675568301419e+00
3.193193193193192947e+00 4.493401017772644224e+00
3.203203203203202953e+00 4.116212365343353774e+00
3.213213213213213404e+00 4.136881869751108276e+00
3.223223223223223410e+00 4.391747015454781078e+00
3.233233233233233417e+00 4.360798231489113164e+00
3.243243243243243423e+00 3.986159254852189804e+00
3.253253253253253430e+00 4.264966221720190909e+00
3.263263263263263436e+00 4.053508518079969036e+00
3.273273273273273443e+00 4.419196823323355616e+00
3.283283283283283449e+00 4.215807048007389923e+00
3.293293293293293456e+00 4.092117695031004310e+00
3.303303303303303462e+00 4.129125026898424089e+00
3.313313313313313468e+00 4.057504996745016079e+00
3.323323323323323475e+00 3.926579809708411695e+00
3.333333333333333481e+00 4.198255957029677354e+00
3.343343343343343488e+00 3.814431792299811885e+00
3.353353353353353494e+00 3.966347414761340229e+00
3.363363363363363501e+00 4.112323235554584677e+00
3.373373373373373507e+00 4.286473282806448459e+00
3.383383383383383514e+00 4.231118821530985841e+00
3.393393393393393520e+00 3.966145001923195856e+00
3.403403403403403527e+00 3.726308287615887505e+00
3.413413413413413533e+00 3.766104203300871589e+00
3.423423423423423539e+00 4.138173501096544804e+00
3.433433433433433546e+00 3.702488085371550053e+00
3.443443443443443552e+00 3.963566629465936408e+00
3.453453453453453559e+00 4.057871063931062672e+00
3.463463463463463565e+00 4.075772646473510896e+00
3.473473473473473572e+00 3.972603755065192477e+00
3.483483483483483578e+00 3.558659224033481561e+00
3.493493493493493585e+00 3.769183367733495604e+00
3.503503503503503591e+00 4.011861888913567320e+00
3.513513513513513598e+00 3.604986701481435851e+00
3.523523523523523604e+00 3.547662023327807113e+00
3.533533533533533610e+00 3.596572847649228688e+00
3.543543543543543617e+00 3.682718866757479503e+00
3.553553553553553623e+00 3.668864559007967596e+00
3.563563563563563630e+00 3.487782905080394791e+00
3.573573573573573636e+00 3.743407462143236941e+00
3.583583583583583643e+00 3.631357168456961215e+00
3.593593593593593649e+00 3.388746779991823832e+00
3.603603603603603656e+00 3.762444029847059390e+00
3.613613613613613662e+00 3.723487870067536232e+00
3.623623623623623669e+00 3.618580933365850072e+00
3.633633633633633675e+00 3.476708496272133520e+00
3.643643643643643681e+00 3.336543230238651070e+00
3.653653653653653688e+00 3.598539924696073644e+00
3.663663663663663694e+00 3.528451813427428085e+00
3.673673673673673701e+00 3.605756449013157283e+00
3.683683683683683707e+00 3.491867919731209469e+00
3.693693693693693714e+00 3.381187324572154651e+00
3.703703703703703720e+00 3.354671977952791373e+00
3.713713713713713727e+00 3.437482294970883867e+00
3.723723723723723733e+00 3.576254694578935300e+00
3.733733733733733740e+00 3.600542193383238221e+00
3.743743743743743746e+00 3.401313964617209251e+00
3.753753753753753752e+00 3.112409360253965751e+00
3.763763763763763759e+00 3.074762869972178070e+00
3.773773773773773765e+00 2.910031781933132500e+00
3.783783783783783772e+00 3.126814913084341008e+00
3.793793793793793778e+00 3.078470254372230208e+00
3.803803803803803785e+00 3.022662032716296743e+00
3.813813813813813791e+00 3.381990087993079097e+00
3.823823823823823798e+00 3.205053838474680727e+00
3.833833833833833804e+00 2.983128992540414082e+00
3.843843843843843811e+00 3.293384830897410076e+00
3.853853853853853817e+00 2.911370437457048599e+00
3.863863863863863823e+00 3.030952045805395123e+00
3.873873873873873830e+00 2.616151469012553576e+00
3.883883883883883836e+00 2.985817706427824181e+00
3.893893893893893843e+00 3.004416778764331220e+00
3.903903903903903849e+00 3.063639797598722403e+00
3.913913913913913856e+00 2.875163426755400931e+00
3.923923923923923862e+00 2.798512766399825935e+00
3.933933933933933869e+00 3.005529971262720590e+00
3.943943943943943875e+00 2.435068686815302197e+00
3.953953953953953881e+00 2.897911834368270600e+00
3.963963963963963888e+00 2.472702593007078065e+00
3.973973973973973894e+00 2.898094788316928128e+00
3.983983983983983901e+00 2.581727930406882088e+00
3.993993993993993907e+00 2.896350894381602092e+00
4.004004004004004358e+00 2.306597633990189244e+00
4.014014014014014364e+00 2.964010069607336373e+00
4.024024024024024371e+00 2.585734159779169872e+00
4.034034034034034377e+00 2.666544968501519897e+00
4.044044044044044384e+00 2.872951583986921964e+00
4.054054054054054390e+00 2.637408090752096257e+00
4.064064064064064397e+00 3.051944923355095263e+00
4.074074074074074403e+00 2.344004611638297320e+00
4.084084084084084409e+00 2.780916109059849983e+00
4.094094094094094416e+00 2.753883014318410982e+00
4.104104104104104422e+00 2.590611239812854016e+00
4.114114114114114429e+00 2.467253490843689612e+00
4.124124124124124435e+00 2.354128255565875794e+00
4.134134134134134442e+00 3.029208309258872411e+00
4.144144144144144448e+00 2.677693084523047329e+00
4.154154154154154455e+00 2.569405920714384450e+00
4.164164164164164461e+00 2.282661514772708955e+00
4.174174174174174468e+00 2.272513834620581097e+00
4.184184184184184474e+00 2.527295393852285521e+00
4.194194194194194480e+00 2.419811269874306170e+00
4.204204204204204487e+00 2.031362822021721026e+00
4.214214214214214493e+00 2.434943243766967580e+00
4.224224224224224500e+00 2.583341748140982830e+00
4.234234234234234506e+00 2.290854127416017683e+00
4.244244244244244513e+00 2.172120296306164544e+00
4.254254254254254519e+00 2.663543998586164641e+00
4.264264264264264526e+00 2.566404881205568422e+00
4.274274274274274532e+00 2.466098136587999257e+00
4.284284284284284539e+00 2.590804524883778104e+00
4.294294294294294545e+00 2.372508437294586603e+00
4.304304304304304551e+00 2.446546875681008704e+00
4.314314314314314558e+00 2.496631688762203094e+00
4.324324324324324564e+00 2.379112444666247050e+00
4.334334334334334571e+00 2.337112984563724183e+00
4.344344344344344577e+00 2.323283297280848370e+00
4.354354354354354584e+00 2.691134429856147481e+00
4.364364364364364590e+00 2.397343230010354986e+00
4.374374374374374597e+00 2.333798320712483054e+00
4.384384384384384603e+00 1.899386512640974356e+00
4.394394394394394610e+00 2.123986942927739374e+00
4.404404404404404616e+00 2.097661252049972003e+00
4.414414414414414622e+00 2.195434796205499417e+00
4.424424424424424629e+00 1.910394820353385370e+00
4.434434434434434635e+00 2.299765363757444003e+00
4.444444444444444642e+00 2.267318300989451529e+00
4.454454454454454648e+00 2.471590472802086769e+00
4.464464464464464655e+00 1.779120799003651499e+00
4.474474474474474661e+00 2.531385199982110645e+00
4.484484484484484668e+00 2.711982736820571560e+00
4.494494494494494674e+00 2.412609403471527525e+00
4.504504504504504681e+00 1.840273161918859479e+00
4.514514514514514687e+00 2.430491581056797745e+00
4.524524524524524693e+00 2.030280753388403525e+00
4.534534534534534700e+00 2.193885803747941843e+00
4.544544544544544706e+00 2.485648266427178399e+00
4.554554554554554713e+00 1.960266055509619187e+00
4.564564564564564719e+00 2.499632964528928802e+00
4.574574574574574726e+00 2.023036057662623399e+00
4.584584584584584732e+00 2.179574615020402728e+00
4.594594594594594739e+00 2.391070322703864992e+00
4.604604604604604745e+00 2.383585298037810940e+00
4.614614614614614752e+00 2.036333025546521736e+00
4.624624624624624758e+00 2.060934309461925018e+00
4.634634634634634764e+00 1.961571041240899760e+00
4.644644644644644771e+00 2.052283641705886730e+00
4.654654654654654777e+00 2.449323043234012509e+00
4.664664664664664784e+00 2.184446578019925589e+00
4.674674674674674790e+00 1.887112328801460404e+00
4.684684684684684797e+00 2.232048866358960826e+00
4.694694694694694803e+00 2.105548036887584740e+00
4.704704704704704810e+00 1.968115638935626466e+00
4.714714714714714816e+00 2.330210177616593104e+00
4.724724724724724823e+00 2.353779673934869976e+00
4.734734734734734829e+00 2.220273543331073185e+00
4.744744744744744835e+00 2.066527635241927285e+00
4.754754754754754842e+00 2.272606020464336130e+00
4.764764764764764848e+00 2.482172566585579165e+00
4.774774774774774855e+00 2.004516569745712129e+00
4.784784784784784861e+00 2.249309946991614240e+00
4.794794794794794868e+00 1.958960846254226729e+00
4.804804804804804874e+00 2.079864347227826205e+00
4.814814814814814881e+00 1.857467948130144375e+00
4.824824824824824887e+00 1.987953205533048884e+00
4.834834834834834894e+00 1.946475012153504824e+00
4.844844844844844900e+00 2.218159571809791064e+00
4.854854854854854906e+00 1.869570037760126757e+00
4.864864864864864913e+00 1.998601713389524859e+00
4.874874874874874919e+00 2.106560805290868643e+00
4.884884884884884926e+00 1.843726498132572722e+00
4.894894894894894932e+00 2.236030097787492732e+00
4.904904904904904939e+00 1.953486721799456260e+00
4.914914914914914945e+00 1.955091062763437915e+00
4.924924924924924952e+00 1.846394701740369459e+00
4.934934934934934958e+00 2.009983899801016882e+00
4.944944944944944965e+00 2.165479542545416525e+00
4.954954954954954971e+00 2.106351951337378736e+00
4.964964964964964977e+00 2.344067555900114286e+00
4.974974974974974984e+00 2.390485726928126553e+00
4.984984984984984990e+00 1.907075575097594955e+00
4.994994994994994997e+00 1.708789835944422242e+00
5.005005005005005003e+00 1.977670647989846486e+00
5.015015015015015010e+00 2.307760225306981994e+00
5.025025025025025016e+00 2.101128129474341133e+00
5.035035035035035023e+00 1.962052792465680984e+00
5.045045045045045029e+00 1.649050870557770665e+00
5.055055055055055035e+00 2.107982712973949901e+00
5.065065065065065042e+00 1.907602815703888677e+00
5.075075075075075048e+00 2.014571545750743375e+00
5.085085085085085055e+00 2.034601827838605992e+00
5.095095095095095061e+00 1.906376782265785996e+00
5.105105105105105068e+00 1.851901009434074874e+00
5.115115115115115074e+00 2.195524673430917506e+00
5.125125125125125081e+00 1.679325099292987566e+00
5.135135135135135087e+00 1.540180636054521601e+00
5.145145145145145094e+00 2.071234867509776478e+00
5.155155155155155100e+00 1.971375562684432037e+00
5.165165165165165106e+00 2.156216787362287945e+00
5.175175175175175113e+00 1.871301475004461867e+00
5.185185185185185119e+00 2.124479075876421152e+00
5.195195195195195126e+00 2.130977887884436761e+00
5.205205205205205132e+00 2.232983327632140913e+00
5.215215215215215139e+00 2.117887408356545542e+00
5.225225225225225145e+00 1.876466982053446975e+00
5.235235235235235152e+00 1.766897445332616501e+00
5.245245245245245158e+00 1.713919187387947130e+00
5.255255255255255165e+00 1.845751546046410896e+00
5.265265265265265171e+00 1.786634416003858306e+00
5.275275275275275177e+00 2.279226667869035161e+00
5.285285285285285184e+00 1.654026496464719997e+00
5.295295295295295190e+00 1.655176904730421450e+00
5.305305305305305197e+00 2.387843042792678006e+00
5.315315315315315203e+00 1.934220962607467120e+00
5.325325325325325210e+00 2.513099533871404390e+00
5.335335335335335216e+00 1.931229090886047661e+00
5.345345345345345223e+00 2.197994441575375379e+00
5.355355355355355229e+00 1.764226995385181684e+00
5.365365365365365236e+00 2.220977737004634633e+00
5.375375375375375242e+00 1.808624901773924654e+00
5.385385385385385248e+00 1.580783881414432823e+00
5.395395395395395255e+00 1.884197037653205786e+00
5.405405405405405261e+00 1.987370499560909165e+00
5.415415415415415268e+00 2.204592848799460825e+00
5.425425425425425274e+00 1.994331756891952079e+00
5.435435435435435281e+00 2.328394963274126095e+00
5.445445445445445287e+00 1.963601295540110092e+00
5.455455455455455294e+00 1.762197763216850399e+00
5.465465465465465300e+00 1.973624927293749165e+00
5.475475475475475307e+00 2.297731807810852178e+00
5.485485485485485313e+00 1.845703455832301332e+00
5.495495495495495319e+00 2.013752570341041714e+00
5.505505505505505326e+00 1.905359029100796908e+00
5.515515515515515332e+00 2.123401028074477725e+00
5.525525525525525339e+00 1.773147479728165221e+00
5.535535535535535345e+00 1.861199815994929896e+00
5.545545545545545352e+00 1.638240153908474550e+00
5.555555555555555358e+00 2.501324369726893870e+00
5.565565565565565365e+00 1.840646940429010892e+00
5.575575575575575371e+00 2.123317359483051003e+00
5.585585585585585378e+00 2.114653229245255783e+00
5.595595595595595384e+00 2.076336140646299011e+00
5.605605605605605390e+00 2.098084128664491566e+00
5.615615615615615397e+00 1.702111834371691446e+00
5.625625625625625403e+00 1.742023557654115207e+00
5.635635635635635410e+00 2.328048914623553678e+00
5.645645645645645416e+00 2.150415583869369485e+00
5.655655655655655423e+00 2.078818875769283814e+00
5.665665665665665429e+00 2.071251461648077719e+00
5.675675675675675436e+00 1.902790540071811920e+00
5.685685685685685442e+00 1.645387997500192823e+00
5.695695695695695449e+00 1.972362579138483785e+00
5.705705705705705455e+00 2.225023896534913170e+00
5.715715715715715461e+00 2.351830977826444347e+00
5.725725725725725468e+00 1.951527030524820905e+00
5.735735735735735474e+00 1.935153032300371390e+00
5.745745745745745481e+00 1.852594884282243726e+00
5.755755755755755487e+00 1.669042239475737377e+00
5.765765765765765494e+00 2.043873353134438631e+00
5.775775775775775500e+00 1.945032908833008722e+00
5.785785785785785507e+00 2.171222130474148582e+00
5.795795795795795513e+00 1.482540819779649022e+00
5.805805805805805520e+00 2.121109017984949219e+00
5.815815815815815526e+00 1.945282339632696589e+00
5.825825825825825532e+00 1.693118905783957517e+00
5.835835835835835539e+00 1.878828996426567421e+00
5.845845845845845545e+00 1.899179556788265888e+00
5.855855855855855552e+00 2.192906740521923581e+00
5.865865865865865558e+00 2.216663220255646216e+00
5.875875875875875565e+00 2.228778025573692645e+00
5.885885885885885571e+00 1.959912624413226334e+00
5.895895895895895578e+00 2.028965151974474246e+00
5.905905905905905584e+00 1.929087407998637094e+00
5.915915915915915591e+00 2.067254858834119968e+00
5.925925925925925597e+00 2.229478887414936938e+00
5.935935935935935603e+00 1.782265410853712151e+00
5.945945945945945610e+00 1.518088388351280571e+00
5.955955955955955616e+00 1.798373898387540359e+00
5.965965965965965623e+00 2.050662341453822535e+00
5.975975975975975629e+00 1.418216523723208722e+00
5.985985985985985636e+00 1.787175730336557411e+00
5.995995995995995642e+00 2.290329427701097043e+00
6.006006006006005649e+00 2.155379034446499364e+00
6.016016016016015655e+00 1.877015468500361717e+00
6.026026026026025662e+00 1.999063640409777909e+00
6.036036036036035668e+00 2.223445839871979857e+00
6.046046046046045674e+00 2.076863704003037547e+00
6.056056056056055681e+00 1.728536435185844322e+00
6.066066066066065687e+00 2.188389276560739560e+00
6.076076076076075694e+00 2.088776545474667401e+00
6.086086086086085700e+00 1.916670835553193619e+00
6.096096096096095707e+00 1.872926412400258034e+00
6.106106106106105713e+00 1.362128659659175511e+00
6.116116116116115720e+00 1.788086970774332540e+00
6.126126126126125726e+00 1.654956032177607783e+00
6.136136136136135732e+00 1.830670163389132465e+00
6.146146146146145739e+00 1.876514914949320545e+00
6.156156156156155745e+00 1.872168386337038193e+00
6.166166166166165752e+00 1.647845364599586304e+00
6.176176176176175758e+00 2.148640344199841401e+00
6.186186186186185765e+00 2.130935591144793584e+00
6.196196196196195771e+00 1.810860688572769828e+00
6.206206206206205778e+00 2.053458684174514381e+00
6.216216216216215784e+00 1.848256288487647447e+00
6.226226226226225791e+00 1.943257446798697829e+00
6.236236236236235797e+00 1.884574494767669472e+00
6.246246246246245803e+00 1.871701064010013793e+00
6.256256256256255810e+00 1.814641409869056643e+00
6.266266266266265816e+00 2.008897449069121599e+00
6.276276276276275823e+00 2.082027836001799415e+00
6.286286286286285829e+00 1.484629269893321224e+00
6.296296296296295836e+00 2.142189039159680952e+00
6.306306306306305842e+00 1.728808945936759045e+00
6.316316316316315849e+00 1.743897333471309707e+00
6.326326326326325855e+00 1.881462746962419441e+00
6.336336336336335862e+00 1.620194891690363681e+00
6.346346346346345868e+00 1.610129551453196584e+00
6.356356356356355874e+00 1.847319649709843414e+00
6.366366366366365881e+00 1.888568215902761249e+00
6.376376376376375887e+00 1.734613757999893924e+00
6.386386386386385894e+00 1.526746474018496391e+00
6.396396396396395900e+00 1.880705695116602127e+00
6.406406406406405907e+00 1.719572739677883710e+00
6.416416416416416801e+00 1.710383702117662441e+00
6.426426426426426808e+00 1.564965494475102803e+00
6.436436436436436814e+00 1.865194299231623720e+00
6.446446446446446821e+00 1.758877240705860601e+00
6.456456456456456827e+00 1.721853188816115932e+00
6.466466466466466834e+00 1.641344031073615373e+00
6.476476476476476840e+00 2.133336257130373781e+00
6.486486486486486847e+00 1.707036953234469578e+00
6.496496496496496853e+00 1.303160927396423752e+00
6.506506506506506859e+00 1.686485149141125239e+00
6.516516516516516866e+00 1.565475369873554845e+00
6.526526526526526872e+00 1.710802940451547904e+00
6.536536536536536879e+00 1.804930767308104755e+00
6.546546546546546885e+00 1.690066229833909750e+00
6.556556556556556892e+00 1.306975375128828221e+00
6.566566566566566898e+00 1.721256552817882923e+00
6.576576576576576905e+00 1.802211019959925498e+00
6.586586586586586911e+00 1.087807183245706799e+00
6.596596596596596918e+00 1.384085490777579697e+00
6.606606606606606924e+00 1.925211636353002964e+00
6.616616616616616930e+00 1.935937547373869583e+00
6.626626626626626937e+00 1.688432982836178153e+00
6.636636636636636943e+00 1.709045427804847694e+00
6.646646646646646950e+00 1.876054001140424976e+00
6.656656656656656956e+00 1.671423827474438628e+00
6.666666666666666963e+00 1.125021256678799375e+00
6.676676676676676969e+00 1.738405114767880066e+00
6.686686686686686976e+00 1.652903617050573759e+00
6.696696696696696982e+00 1.468640969772034621e+00
6.706706706706706989e+00 1.191918302412791064e+00
6.716716716716716995e+00 1.568022495107076475e+00
6.726726726726727001e+00 1.651880730205292025e+00
6.736736736736737008e+00 1.767744467075686776e+00
6.746746746746747014e+00 1.663171018037246984e+00
6.756756756756757021e+00 1.557780976170274112e+00
6.766766766766767027e+00 1.813833553905217721e+00
6.776776776776777034e+00 1.696273171719389961e+00
6.786786786786787040e+00 1.452826907253286670e+00
6.796796796796797047e+00 1.410545641840578401e+00
6.806806806806807053e+00 1.245460494470005841e+00
6.816816816816817060e+00 1.559607187522441762e+00
6.826826826826827066e+00 1.783115082615086333e+00
6.836836836836837072e+00 1.450351465241298321e+00
6.846846846846847079e+00 1.233835473490944246e+00
6.856856856856857085e+00 1.371994666414754427e+00
6.866866866866867092e+00 1.313028223509026038e+00
6.876876876876877098e+00 1.661362319940125287e+00
6.886886886886887105e+00 1.578144485995839785e+00
6.896896896896897111e+00 1.676227973489682110e+00
6.906906906906907118e+00 1.368429902957446043e+00
6.916916916916917124e+00 1.655111599201287698e+00
6.926926926926927131e+00 1.704125570264399370e+00
6.936936936936937137e+00 1.590677182552638458e+00
6.946946946946947143e+00 1.708297036672140834e+00
6.956956956956957150e+00 1.371997473735532047e+00
6.966966966966967156e+00 1.596384247809192303e+00
6.976976976976977163e+00 1.394867013915296550e+00
6.986986986986987169e+00 1.363466155866838170e+00
6.996996996996997176e+00 1.609256587254199511e+00
7.007007007007007182e+00 1.199593310103458155e+00
7.017017017017017189e+00 1.262348695959925937e+00
7.027027027027027195e+00 1.438439218436766920e+00
7.037037037037037202e+00 1.648529922160506977e+00
7.047047047047047208e+00 1.383462543103321618e+00
7.057057057057057214e+00 1.117079536102664861e+00
7.067067067067067221e+00 1.370145094592200907e+00
7.077077077077077227e+00 1.277581540763418122e+00
7.087087087087087234e+00 1.651829976983865134e+00
7.097097097097097240e+00 1.228952114174946875e+00
7.107107107107107247e+00 1.316755086501696370e+00
7.117117117117117253e+00 1.279488942669587681e+00
7.127127127127127260e+00 1.173252552167241891e+00
7.137137137137137266e+00 9.822468276684156452e-01
7.147147147147147273e+00 1.220860844406827628e+00
7.157157157157157279e+00 1.391384968991485893e+00
7.167167167167167285e+00 8.534949259554620582e-01
7.177177177177177292e+00 1.467430727463923557e+00
7.187187187187187298e+00 7.537733295578221693e-01
7.197197197197197305e+00 1.246427350436266401e+00
7.207207207207207311e+00 1.624155153563306531e+00
7.217217217217217318e+00 1.584580572478654359e+00
7.227227227227227324e+00 1.094898242197377858e+00
7.237237237237237331e+00 6.236090810180587862e-01
7.247247247247247337e+00 7.057322787908996142e-01
7.257257257257257343e+00 1.127154440800676838e+00
7.267267267267267350e+00 1.673497546262938007e+00
7.277277277277277356e+00 1.171714785079390753e+00
7.287287287287287363e+00 1.342099382638502592e+00
7.297297297297297369e+00 1.272498858677132416e+00
7.307307307307307376e+00 1.534602847068115228e+00
7.317317317317317382e+00 1.348839852372098580e+00
7.327327327327327389e+00 1.191984651188434219e+00
7.337337337337337395e+00 1.210457827606340464e+00
7.347347347347347402e+00 9.666435985610372095e-01
7.357357357357357408e+00 1.663526256198414544e+00
7.367367367367367414e+00 1.055632953594081158e+00
7.377377377377377421e+00 1.031721237602461372e+00
7.387387387387387427e+00 1.031042169170168776e+00
7.397397397397397434e+00 1.333385540133687153e+00
7.407407407407407440e+00 1.384393555217748872e+00
7.417417417417417447e+00 1.036590577141305314e+00
7.427427427427427453e+00 1.831483226583160873e+00
7.437437437437437460e+00 8.173785465345287937e-01
7.447447447447447466e+00 1.247856940752028798e+00
7.457457457457457473e+00 1.206463711410843853e+00
7.467467467467467479e+00 1.433263855220205496e+00
7.477477477477477485e+00 1.418293272871782751e+00
7.487487487487487492e+00 1.390413283370997233e+00
7.497497497497497498e+00 7.911446304044194022e-01
7.507507507507507505e+00 1.264819866599937281e+00
7.517517517517517511e+00 1.110146005992403317e+00
7.527527527527527518e+00 1.160748199284258320e+00
7.537537537537537524e+00 1.245710289151227501e+00
7.547547547547547531e+00 8.060872919300483552e-01
7.557557557557557537e+00 7.434706461160049962e-01
7.567567567567567544e+00 7.851994435286826501e-01
7.577577577577577550e+00 1.318117820491919057e+00
7.587587587587587556e+00 9.174938930094803657e-01
7.597597597597597563e+00 1.077205383839660469e+00
7.607607607607607569e+00 1.171691078053499036e+00
7.617617617617617576e+00 8.605639164716539780e-01
7.627627627627627582e+00 9.095154894598364015e-01
7.637637637637637589e+00 1.159785925378181259e+00
7.647647647647647595e+00 1.364464653605982125e+00
7.657657657657657602e+00 8.612423256067122113e-01
7.667667667667667608e+00 8.992041366744595310e-01
7.677677677677677615e+00 8.054551994156775585e-01
7.687687687687687621e+00 8.227640367692072854e-01
7.697697697697697627e+00 9.500708987174915077e-01
7.707707707707707634e+00 8.254647328309920873e-01
7.717717717717717640e+00 9.654491180487235757e-01
7.727727727727727647e+00 1.062190319225897239e+00
7.737737737737737653e+00 7.862306044956454132e-01
7.747747747747747660e+00 1.320112355456770414e+00
7.757757757757757666e+00 6.876569322563197417e-01
7.767767767767767673e+00 1.108509790797815420e+00
7.777777777777777679e+00 1.162400287686804923e+00
7.787787787787787686e+00 1.061883338891974837e+00
7.797797797797797692e+00 6.217628919845152868e-01
7.807807807807807698e+00 1.124263914689939581e+00
7.817817817817817705e+00 1.158233927306147493e+00
7.827827827827827711e+00 1.066983547068947935e+00
7.837837837837837718e+00 1.050821580884453210e+00
7.847847847847847724e+00 1.503006170527945162e+00
7.857857857857857731e+00 1.087598653756329359e+00
7.867867867867867737e+00 7.938467213997191241e-01
7.877877877877877744e+00 4.511816504349100976e-01
7.887887887887887750e+00 8.461407742397447640e-01
7.897897897897897757e+00 7.950110578002798079e-01
7.907907907907907763e+00 1.277078538657124618e+00
7.917917917917917769e+00 1.095801711665324030e+00
7.927927927927927776e+00 1.110872094705937174e+00
7.937937937937937782e+00 1.047266157460450486e+00
7.947947947947947789e+00 9.886078951746093413e-01
7.957957957957957795e+00 1.097573249602329382e+00
7.967967967967967802e+00 5.468568257317493186e-01
7.977977977977977808e+00 5.621876691822749184e-01
7.987987987987987815e+00 9.333555875999037799e-01
7.997997997997997821e+00 1.130447577931301240e+00
8.008008008008008716e+00 6.294798888668728942e-01
8.018018018018018722e+00 6.490828211536469050e-01
8.028028028028028729e+00 7.836175007021992656e-01
8.038038038038038735e+00 6.994571472968018622e-01
8.048048048048048742e+00 1.001873976336935534e+00
8.058058058058058748e+00 8.225130125495870859e-01
8.068068068068068754e+00 9.148793262301582185e-01
8.078078078078078761e+00 1.044672943647667163e+00
8.088088088088088767e+00 4.435930825162085478e-01
8.098098098098098774e+00 7.715630293981963206e-01
8.108108108108108780e+00 7.343726791785951669e-01
8.118118118118118787e+00 7.006882218399016482e-01
8.128128128128128793e+00 6.616635717980812181e-01
8.138138138138138800e+00 4.410182018063129039e-01
8.148148148148148806e+00 1.043742827084432001e+00
8.158158158158158813e+00 9.713107257853329513e-01
8.168168168168168819e+00 5.783064826979953388e-01
8.178178178178178825e+00 7.476245691020437789e-01
8.188188188188188832e+00 1.118422457663002412e+00
8.198198198198198838e+00 7.916726173630128649e-01
8.208208208208208845e+00 8.359787154049803659e-01
8.218218218218218851e+00 7.605807450125492419e-01
8.228228228228228858e+00 7.846195113860771064e-01
8.238238238238238864e+00 5.384431862567961025e-01
8.248248248248248871e+00 8.996049843291968884e-01
8.258258258258258877e+00 6.657242814235699857e-01
8.268268268268268884e+00 5.630327128169085871e-01
8.278278278278278890e+00 9.230487450681352790e-01
8.288288288288288896e+00 1.182691745252769877e+00
8.298298298298298903e+00 7.803948114508046929e-01
8.308308308308308909e+00 8.680896431944085112e-01
8.318318318318318916e+00 3.063544618880139625e-01
8.328328328328328922e+00 9.700319901683839285e-01
8.338338338338338929e+00 7.362784413325300648e-01
8.348348348348348935e+00 8.925729932231115660e-01
8.358358358358358942e+00 8.608710459588566621e-01
8.368368368368368948e+00 7.680948421432146622e-01
8.378378378378378954e+00 7.724285446912612096e-01
8.388388388388388961e+00 6.440273303978283348e-01
8.398398398398398967e+00 1.018077915222319829e+00
8.408408408408408974e+00 1.101240466099517867e+00
8.418418418418418980e+00 7.619385288020341651e-01
8.428428428428428987e+00 6.442583081751009910e-01
8.438438438438438993e+00 1.013336103453080117e+00
8.448448448448449000e+00 8.620640730450814804e-01
8.458458458458459006e+00 6.104639646781292450e-01
8.468468468468469013e+00 9.556363043440733174e-01
8.478478478478479019e+00 4.722985151725289654e-01
8.488488488488489025e+00 5.089796059344831036e-01
8.498498498498499032e+00 9.230294454313379138e-01
8.508508508508509038e+00 5.743047614747953666e-01
8.518518518518519045e+00 5.499076037817758333e-01
8.528528528528529051e+00 9.492814154910437230e-01
8.538538538538539058e+00 7.645642664004919098e-01
8.548548548548549064e+00 6.267908391731737971e-01
8.558558558558559071e+00 8.623266986502143849e-01
8.568568568568569077e+00 4.658027230835016796e-01
8.578578578578579084e+00 7.231289803331126809e-01
8.588588588588589090e+00 8.450756245787431897e-01
8.598598598598599096e+00 4.468914401559966887e-01
8.608608608608609103e+00 6.840167436446475957e-01
8.618618618618619109e+00 6.243220439909515918e-01
8.628628628628629116e+00 2.146669942271664522e-01
8.638638638638639122e+00 7.472128499507252331e-01
8.648648648648649129e+00 7.640352307144222532e-01
8.658658658658659135e+00 6.306590617845018176e-01
8.668668668668669142e+00 4.752925479961375155e-01
8.678678678678679148e+00 9.593231669496762315e-01
8.688688688688689155e+00 7.172426513931536851e-01
8.698698698698699161e+00 5.316602007691552112e-01
8.708708708708709167e+00 7.818729829664006203e-01
8.718718718718719174e+00 6.158354388601354756e-01
8.728728728728729180e+00 5.486704128568301586e-01
8.738738738738739187e+00 9.283035242040789115e-01
8.748748748748749193e+00 6.181535576448032865e-01
8.758758758758759200e+00 4.521475715985037169e-01
8.768768768768769206e+00 8.377744461385336905e-01
8.778778778778779213e+00 7.112801101332765219e-01
8.788788788788789219e+00 2.090628849048036253e-01
8.798798798798799226e+00 7.020601008943925248e-01
8.808808808808809232e+00 5.369930873921371361e-01
8.818818818818819238e+00 7.085259342679839367e-01
8.828828828828829245e+00 9.066339646991865564e-01
8.838838838838839251e+00 1.396897228093017529e-01
8.848848848848849258e+00 5.595116547270949647e-01
8.858858858858859264e+00 4.910893227867004218e-01
8.868868868868869271e+00 5.194492062095907858e-01
8.878878878878879277e+00 7.813039152132659204e-01
8.888888888888889284e+00 7.684468469862287821e-01
8.898898898898899290e+00 6.203125785940356574e-01
8.908908908908909297e+00 4.762108734558468948e-01
8.918918918918919303e+00 4.384620173374876861e-01
8.928928928928929309e+00 9.322374063433171987e-01
8.938938938938939316e+00 7.919606804134604605e-01
8.948948948948949322e+00 9.554569519448061765e-01
8.958958958958959329e+00 8.596684310577864530e-01
8.968968968968969335e+00 3.479130622718097365e-01
8.978978978978979342e+00 4.046075381157611672e-01
8.988988988988989348e+00 4.716333105195105180e-01
8.998998998998999355e+00 3.755630100706490726e-01
9.009009009009009361e+00 6.240867219847516800e-01
9.019019019019019368e+00 4.219914817642060889e-01
9.029029029029029374e+00 2.747175257032752893e-01
9.039039039039039380e+00 5.141076951224491376e-01
9.049049049049049387e+00 8.776150695887070530e-01
9.059059059059059393e+00 6.207214648249146371e-01
9.069069069069069400e+00 6.668574357278396203e-01
9.079079079079079406e+00 4.118806382499057284e-01
9.089089089089089413e+00 5.156604402811409971e-01
9.099099099099099419e+00 2.973560259447031173e-01
9.109109109109109426e+00 4.426424137876828202e-01
9.119119119119119432e+00 8.749659196929160387e-01
9.129129129129129439e+00 6.100322594054270464e-01
9.139139139139139445e+00 9.934192722811503451e-01
9.149149149149149451e+00 4.785463910922078123e-01
9.159159159159159458e+00 4.764168321019807140e-01
9.169169169169169464e+00 1.244397397068160438e-01
9.179179179179179471e+00 4.117665273623679068e-01
9.189189189189189477e+00 3.446488267428338137e-02
9.199199199199199484e+00 2.607071572166592133e-01
9.209209209209209490e+00 5.529547026293617495e-01
9.219219219219219497e+00 3.828780638282126558e-01
9.229229229229229503e+00 2.565185749400711313e-01
9.239239239239239510e+00 4.248196304216551589e-01
9.249249249249249516e+00 5.942728061589882538e-01
9.259259259259259522e+00 6.581406081392093821e-01
9.269269269269269529e+00 1.470063921445667332e-01
9.279279279279279535e+00 2.768419044859460887e-01
9.289289289289289542e+00 4.788762362364184511e-01
9.299299299299299548e+00 1.059559457086660883e+00
9.309309309309309555e+00 5.223377838058419487e-01
9.319319319319319561e+00 4.334562405120307438e-01
9.329329329329329568e+00 6.173850358429715524e-01
9.339339339339339574e+00 8.625796139521224593e-01
9.349349349349349581e+00 3.454317374256133943e-01
9.359359359359359587e+00 2.381743326051684040e-01
9.369369369369369593e+00 3.774413249199948805e-01
9.379379379379379600e+00 3.892028432193502807e-01
9.389389389389389606e+00 4.465658240369094756e-01
9.399399399399399613e+00 1.598035803454750936e-01
9.409409409409409619e+00 3.242876095618582588e-01
9.419419419419419626e+00 4.077668602280542509e-01
9.429429429429429632e+00 6.729563072919655387e-01
9.439439439439439639e+00 4.770988842458579460e-01
9.449449449449449645e+00 5.204941715702905425e-01
9.459459459459459651e+00 2.200063091287103867e-01
9.469469469469469658e+00 5.283579842148437011e-01
9.479479479479479664e+00 6.269788441997040662e-01
9.489489489489489671e+00 5.512475574108193221e-01
9.499499499499499677e+00 3.939614239916215954e-01
9.509509509509509684e+00 2.652969855659722542e-01
9.519519519519519690e+00 5.878949095597924002e-01
9.529529529529529697e+00 5.273149201517596252e-01
9.539539539539539703e+00 6.359237595636720863e-01
9.549549549549549710e+00 3.727899615404618450e-01
9.559559559559559716e+00 7.136133194989222606e-01
9.569569569569569722e+00 4.820076127512383790e-01
9.579579579579579729e+00 2.402808735119363326e-01
9.589589589589589735e+00 7.325487733706339544e-01
9.599599599599599742e+00 4.203424107399595377e-01
9.609609609609609748e+00 7.911117233368448742e-01
9.619619619619619755e+00 6.637885930327639405e-01
9.629629629629629761e+00 6.016835920206364818e-01
9.639639639639639768e+00 4.571167414585690647e-01
9.649649649649649774e+00 2.312074850145746929e-01
9.659659659659659781e+00 2.562969946037777502e-01
9.669669669669669787e+00 5.797486733672916337e-01
9.679679679679679793e+00 2.717453940255070699e-01
9.689689689689689800e+00 5.578298901312672697e-01
9.699699699699699806e+00 2.021255216474997785e-01
9.709709709709709813e+00 6.032628261660120117e-01
9.719719719719719819e+00 4.551538729134498862e-01
9.729729729729729826e+00 2.779973753376260293e-01
9.739739739739739832e+00 4.419723285365207421e-01
9.749749749749749839e+00 5.850704870055483120e-01
9.759759759759759845e+00 2.263848637705483668e-01
9.769769769769769852e+00 1.378192915036088317e-01
9.779779779779779858e+00 2.866659602733331313e-01
9.789789789789789864e+00 3.547470903311278345e-01
9.799799799799799871e+00 5.889495530227681908e-01
9.809809809809809877e+00 4.177650270081235684e-01
9.819819819819819884e+00 4.711875059114318809e-01
9.829829829829829890e+00 1.662821757538911482e-01
9.839839839839839897e+00 4.404377220278693494e-01
9.849849849849849903e+00 6.333405851918136875e-01
9.859859859859859910e+00 4.660072096570966327e-01
9.869869869869869916e+00 3.801086771184576385e-01
9.879879879879879923e+00 4.371966534824358042e-01
9.889889889889889929e+00 1.283708095498466428e-01
9.899899899899899935e+00 1.015593464329028195e-01
9.909909909909909942e+00 8.409101866834036709e-01
9.919919919919919948e+00 3.585361972234698547e-01
9.929929929929929955e+00 -1.606698268361134163e-02
9.939939939939939961e+00 2.857417934215386035e-01
9.949949949949949968e+00 5.544738211797857197e-01
9.959959959959959974e+00 7.822694854805789522e-02
9.969969969969969981e+00 5.414399904805803354e-01
9.979979979979979987e+00 4.363267916089624276e-01
9.989989989989989994e+00 2.625023318861724464e-01
1.000000000000000000e+01 3.713574037674429174e-01
