5.83317 13
6.49168 30
7.1502 53
7.80871 75
8.46722 99
9.12574 124
9.78425 149
10.4428 173
11.1013 195
11.7598 218
12.4183 240
13.0768 264
13.7353 287
14.3939 311
15.0524 336
15.7109 360
16.3694 382
17.0279 407
17.6864 431
18.3449 454
19.0034 478
19.662 501
20.3205 522
20.979 548
21.6375 573
22.296 596
22.9545 620
23.613 643
24.2716 664
24.9301 683
25.5886 710
26.2471 732
26.9056 756
27.5641 779
28.2226 798
28.8812 812
29.5397 829
30.1982 852
30.8567 870
31.5152 889
32.1737 911
32.8322 930
33.4908 950
34.1493 969
34.8078 988
35.4663 1000
36.1248 1030
36.7833 1049
37.4418 1072
38.1004 1100
38.7589 1115
39.4174 1127
40.0759 1134
40.7344 1150
41.3929 1170
42.0514 1197
42.71 1204
43.3685 1211
44.027 1221
44.6855 1242
45.344 1259
46.0025 1258
46.661 1277
47.3196 1286
47.9781 1292
48.6366 1300
49.2951 1302
49.9536 1296
50.6121 1307
51.2706 1316
51.9291 1321
52.5877 1331
53.2462 1339
53.9047 1345
54.5632 1357
55.2217 1356
55.8802 1339
56.5387 1342
57.1973 1339
57.8558 1326
58.5143 1318
59.1728 1314
59.8313 1315
60.4898 1315
61.1483 1310
61.8069 1297
62.4654 1280
63.1239 1264
63.7824 1249
64.4409 1222
65.0994 1194
65.7579 1156
66.4165 1140
67.075 1111
67.7335 1077
68.392 1076
69.0505 1060
69.709 1024
70.3675 1006
71.0261 992
71.6846 983
72.3431 969
73.0016 958
73.6601 952
74.3186 934
74.9771 912
75.6357 884
76.2942 863
76.9527 849
77.6112 844
78.2697 832
78.9282 823
79.5867 817
80.2453 811
80.9038 801
81.5623 786
82.2208 778
82.8793 762
83.5378 738
84.1963 731
84.8549 721
85.5134 707
86.1719 700
86.8304 691
87.4889 681
88.1474 674
88.8059 667
89.4644 660
90.123 655
90.7815 648
91.44 640
92.0985 633
92.757 626
93.4155 619
94.074 610
94.7326 604
95.3911 601
96.0496 598
96.7081 590
97.3666 578
98.0251 574
98.6836 568
99.3422 561
100.001 556
100.659 549
101.318 538
101.976 534
102.635 527
103.293 519
103.952 510
104.61 502
105.269 493
105.927 490
106.586 485
107.244 480
107.903 474
108.561 469
109.22 466
109.878 461
110.537 457
111.195 453
111.854 449
112.512 445
113.171 443
113.829 442
114.488 440
115.146 437
115.805 431
116.464 427
117.122 425
117.781 420
118.439 415
119.098 411
119.756 406
120.415 403
121.073 400
121.732 396
122.39 393
123.049 390
123.707 388
124.366 386
125.024 385
125.683 380
126.341 375
127 372
127.658 372
128.317 372
128.975 372
129.634 373
130.292 374
130.951 375
131.609 375
132.268 375
132.926 375
133.585 375
134.243 375
134.902 374
135.56 373
136.219 373
136.877 374
137.536 373
138.194 371
138.853 369
139.512 368
140.17 367
140.829 366
141.487 364
142.146 361
142.804 359
143.463 359
144.121 359
144.78 358
145.438 358
146.097 358
146.755 360
147.414 363
148.072 361
148.731 356
149.389 356
150.048 354
150.706 351
151.365 351
152.023 351
152.682 350
153.34 349
153.999 347
154.657 345
155.316 341
155.974 339
156.633 338
157.291 333
157.95 329
158.608 327
159.267 325
159.925 322
160.584 319
161.242 316
161.901 313
162.56 311
163.218 312
163.877 312
164.535 311
165.194 311
165.852 309
166.511 304
167.169 301
167.828 299
168.486 296
169.145 294
169.803 293
170.462 292
171.12 291
171.779 290
172.437 290
173.096 288
173.754 286
174.413 286
175.071 288
175.73 289
176.388 289
177.047 290
177.705 290
178.364 289
179.022 289
179.681 289
180.339 289
180.998 289
181.656 289
182.315 288
182.973 286
183.632 285
184.29 284
184.949 284
185.607 282
186.266 279
186.925 279
187.583 279
188.242 279
188.9 279
189.559 279
190.217 279
190.876 279
191.534 279
192.193 278
192.851 273
193.51 271
194.168 270
194.827 267
195.485 265
196.144 263
196.802 262
197.461 259
198.119 256
198.778 256
199.436 254
200.095 249
200.753 245
201.412 241
202.07 236
202.729 232
203.387 228
204.046 224
204.704 222
205.363 222
206.021 223
206.68 224
207.338 223
207.997 221
208.655 220
209.314 221
209.973 223
210.631 224
211.29 224
211.948 224
212.607 222
213.265 221
213.924 221
214.582 218
215.241 220
215.899 223
216.558 223
217.216 222
217.875 221
218.533 221
219.192 221
219.85 221
220.509 221
221.167 221
221.826 221
222.484 220
223.143 219
223.801 218
224.46 218
225.118 218
225.777 218
226.435 218
227.094 218
227.752 218
228.411 218
229.069 217
229.728 216
230.386 215
231.045 215
231.703 214
232.362 213
233.021 213
233.679 213
234.338 212
234.996 212
235.655 213
236.313 214
236.972 215
237.63 216
238.289 214
238.947 214
239.606 215
240.264 215
240.923 215
241.581 214
242.24 212
242.898 211
243.557 210
244.215 210
244.874 210
245.532 210
246.191 210
246.849 208
247.508 206
248.166 205
248.825 205
249.483 205
250.142 204
250.8 204
251.459 205
252.117 205
252.776 203
253.434 201
254.093 200
254.751 199
255.41 199
256.068 202
256.727 202
257.386 202
258.044 203
258.703 203
259.361 204
260.02 206
260.678 203
261.337 196
261.995 188
262.654 182
263.312 172
263.971 151
264.629 123
265.288 87
265.946 32
266.605 39
267.263 57
267.922 45
268.58 37
269.239 30
269.897 24
270.556 21
271.214 18
271.873 16
272.531 19
273.19 23
273.848 23
274.507 20
275.165 16
275.824 15
276.482 14
277.141 13
277.799 12
278.458 13
279.116 15
279.775 16
280.434 17
281.092 18
281.751 17
282.409 17
283.068 17
283.726 17
284.385 17
285.043 18
285.702 18
286.36 18
287.019 18
287.677 15
288.336 15
288.994 15
289.653 15
290.311 13
290.97 11
291.628 10
292.287 10
292.945 11
293.604 13
294.262 14
294.921 14
295.579 12
296.238 14
296.896 16
297.555 15
298.213 17
298.872 18
299.53 17
300.189 16
300.847 14
301.506 12
302.164 11
302.823 10
303.482 10
305.457 10
307.433 13
308.091 13
308.75 12
309.408 13
310.067 11
310.725 10
311.384 13
312.042 12
312.701 13
313.359 16
314.018 17
314.676 17
315.335 17
315.993 17
316.652 16
317.31 12
317.969 14
318.627 16
319.286 15
319.944 14
320.603 14
321.261 15
321.92 15
322.578 15
323.237 16
323.895 17
324.554 19
325.212 20
325.871 19
326.529 17
327.188 15
327.847 16
328.505 17
329.164 17
329.822 16
330.481 15
331.139 16
331.798 17
332.456 17
333.115 19
333.773 19
334.432 19
335.09 20
335.749 20
336.407 19
337.066 18
337.724 17
338.383 18
339.041 21
339.7 20
340.358 18
341.017 18
341.675 18
342.334 19
342.992 21
343.651 20
344.309 18
344.968 18
345.626 19
346.285 19
346.943 18
347.602 15
348.26 14
348.919 16
349.577 18
350.236 18
350.895 18
351.553 19
352.212 20
352.87 20
353.529 16
354.187 13
354.846 13
355.504 14
356.163 15
356.821 16
357.48 19
358.138 20
358.797 15
359.455 13
360.114 12
360.772 12
361.431 12
362.089 12
362.748 13
363.406 13
364.065 13
364.723 13
365.382 12
366.04 12
366.699 12
367.357 12
368.016 12
368.674 12
369.333 13
369.991 13
370.65 13
372.625 10
373.943 10
374.601 13
375.26 15
375.918 16
376.577 14
377.235 15
377.894 16
378.552 15
379.211 15
379.869 14
380.528 10
381.845 10
382.503 13
383.162 13
383.82 13
384.479 13
385.137 13
385.796 13
386.454 12
387.113 13
387.771 13
388.43 12
389.088 12
389.747 12
390.405 12
391.064 12
391.722 12
392.381 12
393.039 12
393.698 12
394.356 13
395.015 12
395.673 11
396.332 10
408.844 10
409.502 11
410.161 12
410.819 12
411.478 11
412.136 10
418.721 10
419.38 10
420.038 10
420.697 10
421.356 10
422.014 10
