0.000000000000000000e+00 -1.431277283517760512e+00
1.001001001001000992e-02 2.055629378141481944e-01
2.002002002002001985e-02 -1.775897310549101604e-01
3.003003003003002977e-02 6.048746877601818284e-01
4.004004004004003969e-02 -7.333503759256021493e-02
5.005005005005004615e-02 7.613593005527444779e-01
6.006006006006005954e-02 -1.624766972588070457e+00
7.007007007007007293e-02 -9.601284132000408311e-01
8.008008008008007939e-02 -6.048260774920732885e-01
9.009009009009008584e-02 3.441818518478457989e+00
1.001001001001000923e-01 -1.804538885239461266e+00
1.101101101101101126e-01 -3.956960797730056267e+00
1.201201201201201191e-01 1.119634188870920921e+00
1.301301301301301394e-01 9.734250319094668313e-01
1.401401401401401459e-01 9.820900048390357462e-01
1.501501501501501523e-01 -2.339996000378562702e+00
1.601601601601601588e-01 -2.810228738552622119e+00
1.701701701701701652e-01 9.597411568932963100e-01
1.801801801801801717e-01 3.435010966720861703e-01
1.901901901901901781e-01 9.337149613397591752e-01
2.002002002002001846e-01 -1.657452447175618682e+00
2.102102102102102188e-01 -2.110546689864658543e+00
2.202202202202202252e-01 2.476039414466918664e+00
2.302302302302302317e-01 -1.167916569546257888e-01
2.402402402402402382e-01 1.362627406674042030e+00
2.502502502502502724e-01 8.394127212964827001e-01
2.602602602602602788e-01 4.692718333717390000e-01
2.702702702702702853e-01 -1.704349999245215797e+00
2.802802802802802917e-01 -4.802550156365272827e+00
2.902902902902902982e-01 -2.140859614996515337e+00
3.003003003003003046e-01 -8.548541104704164839e-01
3.103103103103103111e-01 2.066624788658794731e+00
3.203203203203203175e-01 7.467831661166145496e-01
3.303303303303303240e-01 1.296324735314528187e+00
3.403403403403403304e-01 -1.137039146695688396e+00
3.503503503503503369e-01 -2.087133562300524048e+00
3.603603603603603434e-01 1.238692165209711149e+00
3.703703703703703498e-01 -7.435860322220683161e-02
3.803803803803803563e-01 -4.408599163136113219e-01
3.903903903903903627e-01 -1.899388453929184761e+00
4.004004004004003692e-01 2.469771764517016521e+00
4.104104104104104311e-01 -3.569556422975090904e+00
4.204204204204204376e-01 -4.683983324686114003e+00
4.304304304304304440e-01 4.978427749283057535e-01
4.404404404404404505e-01 -7.580448981352109206e-01
4.504504504504504570e-01 1.748305712286964075e+00
4.604604604604604634e-01 -2.733167729808819724e-01
4.704704704704704699e-01 1.215965653106301447e+00
4.804804804804804763e-01 -3.250883242843128684e+00
4.904904904904904828e-01 -4.085320422942918306e+00
5.005005005005005447e-01 -7.551013680837854736e-01
5.105105105105105512e-01 -1.468543690498198773e+00
5.205205205205205576e-01 2.402919826458808306e+00
5.305305305305305641e-01 -2.282492570722448821e+00
5.405405405405405705e-01 -9.472592278306692926e-01
5.505505505505505770e-01 -5.358074890852493333e-01
5.605605605605605835e-01 1.372717026383321048e-01
5.705705705705705899e-01 -1.586176330756193797e+00
5.805805805805805964e-01 -2.264542195867619512e+00
5.905905905905906028e-01 -6.914558477237575662e-01
6.006006006006006093e-01 1.214230244710959639e+00
6.106106106106106157e-01 2.220308150810126779e+00
6.206206206206206222e-01 5.660817220070946121e-01
6.306306306306306286e-01 -3.636315104504923124e+00
6.406406406406406351e-01 9.125438290991459978e-01
6.506506506506506415e-01 -9.911912970342090512e-01
6.606606606606606480e-01 -1.020587041162666075e+00
6.706706706706706544e-01 1.005655238433845078e+00
6.806806806806806609e-01 -1.893256609568037652e+00
6.906906906906906674e-01 4.101593896838131581e-01
7.007007007007006738e-01 -7.605160302997864274e-01
7.107107107107106803e-01 -1.771496774721283529e+00
7.207207207207206867e-01 1.297288946394319131e+00
7.307307307307306932e-01 1.949150042618247092e+00
7.407407407407406996e-01 3.911443046842083326e+00
7.507507507507507061e-01 -8.890899900340263340e-01
7.607607607607607125e-01 5.457188922296303257e-01
7.707707707707707190e-01 1.221064867504655815e+00
7.807807807807807254e-01 -2.041182963992297594e+00
7.907907907907907319e-01 -5.264783565553937672e-01
8.008008008008007383e-01 -9.916907521914983814e-01
8.108108108108108558e-01 -2.968249971305358947e-02
8.208208208208208623e-01 2.696876330805163313e+00
8.308308308308308687e-01 -1.344109645185154189e-01
8.408408408408408752e-01 2.558438476226881697e+00
8.508508508508508816e-01 7.296212093567684409e-01
8.608608608608608881e-01 -1.399020471339035288e-01
8.708708708708708945e-01 -4.863209562697845545e-01
8.808808808808809010e-01 3.127896815621640236e+00
8.908908908908909074e-01 5.828092031819425145e-01
9.009009009009009139e-01 6.834001327576078033e-02
9.109109109109109204e-01 7.407962327613788478e-01
9.209209209209209268e-01 -3.119363473706314061e+00
9.309309309309309333e-01 7.392003887953335628e-02
9.409409409409409397e-01 -2.229967111184392170e-01
9.509509509509509462e-01 8.905663079537595728e-02
9.609609609609609526e-01 2.945239541251093662e+00
9.709709709709709591e-01 2.670493411157139896e+00
9.809809809809809655e-01 -2.987492812572331680e+00
9.909909909909909720e-01 -3.245270542996432361e-01
1.001001001001001089e+00 2.344066479655542573e-02
1.011011011011011096e+00 -3.134584783662968555e+00
1.021021021021021102e+00 1.141365296934651496e+00
1.031031031031031109e+00 1.569408095191434649e+00
1.041041041041041115e+00 1.770338604187848830e+00
1.051051051051051122e+00 2.595663797399359041e+00
1.061061061061061128e+00 -1.265613132136320207e+00
1.071071071071071135e+00 2.322609915618819798e+00
1.081081081081081141e+00 -4.924827411876404604e-01
1.091091091091091148e+00 2.272085941604945258e+00
1.101101101101101154e+00 1.852846998852218707e+00
1.111111111111111160e+00 -4.637334852032307664e-01
1.121121121121121167e+00 9.695724909347446241e-01
1.131131131131131173e+00 2.307562151305325715e-01
1.141141141141141180e+00 2.743201814754073098e+00
1.151151151151151186e+00 -1.122320150298884878e+00
1.161161161161161193e+00 -2.035585872898034054e+00
1.171171171171171199e+00 1.646204352596173592e+00
1.181181181181181206e+00 9.473029895265510092e-01
1.191191191191191212e+00 1.454164530824497259e+00
1.201201201201201219e+00 -3.188877365069733849e-01
1.211211211211211225e+00 -3.610985386442481904e+00
1.221221221221221231e+00 -1.616142096168512232e+00
1.231231231231231238e+00 -7.668841912242804204e-01
1.241241241241241244e+00 6.868420530589924855e-01
1.251251251251251251e+00 3.916320504049291884e+00
1.261261261261261257e+00 1.117451420469212531e+00
1.271271271271271264e+00 5.246052156998234350e-01
1.281281281281281270e+00 2.132013697418767006e-01
1.291291291291291277e+00 -1.717712706926042276e+00
1.301301301301301283e+00 -3.975059774313213889e+00
1.311311311311311290e+00 2.143430408560822009e+00
1.321321321321321296e+00 3.724637409922260112e-02
1.331331331331331302e+00 2.513520512928677508e-01
1.341341341341341309e+00 -6.281709079409708574e-01
1.351351351351351315e+00 -2.264598741601501874e+00
1.361361361361361322e+00 1.388370299417052811e+00
1.371371371371371328e+00 -5.505094473156275647e-01
1.381381381381381335e+00 2.913101497742238699e+00
1.391391391391391341e+00 -1.368480873498979733e+00
1.401401401401401348e+00 6.174728912440499151e-01
1.411411411411411354e+00 1.063521675282683709e-01
1.421421421421421361e+00 -8.792967722305997103e-02
1.431431431431431367e+00 -8.251211977503835060e-01
1.441441441441441373e+00 -4.843378024078336175e+00
1.451451451451451380e+00 -1.885794569180634928e-01
1.461461461461461386e+00 -1.974815935877187956e+00
1.471471471471471393e+00 4.444922148604595336e+00
1.481481481481481399e+00 -3.110978138874452625e+00
1.491491491491491406e+00 -1.770460037468987391e+00
1.501501501501501412e+00 2.491398133512547464e+00
1.511511511511511419e+00 -3.615427603614134178e-01
1.521521521521521425e+00 2.404189894435563524e+00
1.531531531531531432e+00 -5.415487972439588793e-01
1.541541541541541438e+00 3.834324292305031356e-01
1.551551551551551444e+00 1.950951650378446978e+00
1.561561561561561451e+00 3.396028152722389226e+00
1.571571571571571457e+00 5.690476303559785620e+00
1.581581581581581464e+00 -4.694262564780978586e+00
1.591591591591591470e+00 2.434380778344193974e+00
1.601601601601601477e+00 -6.543186133771587976e-01
1.611611611611611705e+00 1.357793024436431573e+00
1.621621621621621712e+00 1.335129195573293348e+00
1.631631631631631718e+00 1.305098693289006739e+00
1.641641641641641725e+00 2.023519452596119983e+00
1.651651651651651731e+00 -1.471602098536592962e-01
1.661661661661661737e+00 -9.568639301068210257e-01
1.671671671671671744e+00 8.314382223958527440e-03
1.681681681681681750e+00 -1.569078295917871735e-01
1.691691691691691757e+00 6.677871731936995126e-01
1.701701701701701763e+00 -1.856820446926275903e+00
1.711711711711711770e+00 3.223597334869664266e+00
1.721721721721721776e+00 -1.400361826899102269e+00
1.731731731731731783e+00 -2.809030758524330373e+00
1.741741741741741789e+00 -1.755113717221973291e-01
1.751751751751751796e+00 -1.802984607028353281e+00
1.761761761761761802e+00 6.057067338469861895e+00
1.771771771771771808e+00 1.004437041039713652e+00
1.781781781781781815e+00 4.590444486040899719e+00
1.791791791791791821e+00 1.645474675417466504e+00
1.801801801801801828e+00 -9.087710893724461059e-01
1.811811811811811834e+00 -1.350348371058758268e-01
1.821821821821821841e+00 -3.842756276319724495e+00
1.831831831831831847e+00 -5.429144014687423692e-01
1.841841841841841854e+00 2.250952468361015757e-01
1.851851851851851860e+00 -2.727251501071174644e+00
1.861861861861861867e+00 -2.189730407535650514e-02
1.871871871871871873e+00 -2.301809577244642746e+00
1.881881881881881879e+00 2.280088534250294674e-01
1.891891891891891886e+00 -1.057231230084010098e+00
1.901901901901901892e+00 -2.080768825106042996e-01
1.911911911911911899e+00 -2.794411839562354949e+00
1.921921921921921905e+00 -1.289294504903751415e+00
1.931931931931931912e+00 -3.585808627944735871e+00
1.941941941941941918e+00 -6.773237640524554237e-02
1.951951951951951925e+00 1.402154313515982409e+00
1.961961961961961931e+00 -2.719300079111819368e-01
1.971971971971971938e+00 -1.140583006406197475e+00
1.981981981981981944e+00 -1.584652094866001448e+00
1.991991991991991950e+00 -8.922736644323403521e-01
2.002002002002002179e+00 4.219201037970933932e+00
2.012012012012012185e+00 -2.059072932257879351e+00
2.022022022022022192e+00 -2.131597813549600318e+00
2.032032032032032198e+00 4.112949556997138600e-01
2.042042042042042205e+00 -2.944821219464201167e+00
2.052052052052052211e+00 -7.247088561947043761e-01
2.062062062062062218e+00 -2.759119453446214898e+00
2.072072072072072224e+00 7.475401138688296809e-01
2.082082082082082231e+00 -1.176099739856515392e+00
2.092092092092092237e+00 1.047391320307368368e+00
2.102102102102102243e+00 -1.056933663897393849e+00
2.112112112112112250e+00 -1.422766336124891007e-01
2.122122122122122256e+00 2.948713279582535485e+00
2.132132132132132263e+00 1.148869836114863041e+00
2.142142142142142269e+00 9.650201594963075946e-01
2.152152152152152276e+00 4.894549338137748062e-01
2.162162162162162282e+00 -1.768303917550220872e+00
2.172172172172172289e+00 -2.190977538469502495e+00
2.182182182182182295e+00 -1.783926803986529475e+00
2.192192192192192302e+00 1.728916082729687442e+00
2.202202202202202308e+00 -3.484398588003448927e-01
2.212212212212212314e+00 2.592619462912103323e+00
2.222222222222222321e+00 -1.040729589381586551e-01
2.232232232232232327e+00 4.676964541908004591e+00
2.242242242242242334e+00 -4.674590184853053110e+00
2.252252252252252340e+00 -2.070487958277792195e+00
2.262262262262262347e+00 -2.552486707610732264e+00
2.272272272272272353e+00 -5.460009683191026086e-01
2.282282282282282360e+00 2.716606005792060241e+00
2.292292292292292366e+00 8.609338788259914832e-01
2.302302302302302373e+00 -1.301061064361809239e+00
2.312312312312312379e+00 -9.224873242904869652e-01
2.322322322322322385e+00 -8.355450590420341328e-01
2.332332332332332392e+00 4.229838387326547711e+00
2.342342342342342398e+00 2.289326024827035511e+00
2.352352352352352405e+00 9.418125316879153441e-01
2.362362362362362411e+00 2.199343042202719367e+00
2.372372372372372418e+00 -3.073982580192123892e-01
2.382382382382382424e+00 2.441306475808232568e-01
2.392392392392392431e+00 -4.049003974848312204e+00
2.402402402402402437e+00 1.613250790430491577e+00
2.412412412412412444e+00 4.318363717608726837e+00
2.422422422422422450e+00 -1.369663285537040309e+00
2.432432432432432456e+00 5.447734166451949633e-01
2.442442442442442463e+00 -2.952241422602645216e+00
2.452452452452452469e+00 1.266001283838891656e+00
2.462462462462462476e+00 -2.743426126916448382e-01
2.472472472472472482e+00 -9.909072879619091889e-01
2.482482482482482489e+00 -1.030041618924551372e+00
2.492492492492492495e+00 -8.927495140106649352e-01
2.502502502502502502e+00 5.206849784763147859e-01
2.512512512512512508e+00 1.307679517960282922e+00
2.522522522522522515e+00 -6.357651825723309447e-02
2.532532532532532521e+00 -1.344759639886400793e+00
2.542542542542542527e+00 4.848817265585647629e-01
2.552552552552552534e+00 8.183897890267255448e-01
2.562562562562562540e+00 -3.358406336465162845e+00
2.572572572572572547e+00 9.433919389538449884e-01
2.582582582582582553e+00 1.233844243325863843e+00
2.592592592592592560e+00 -3.216132456395242034e-01
2.602602602602602566e+00 -5.344687840298331771e+00
2.612612612612612573e+00 1.273007289429920252e+00
2.622622622622622579e+00 -2.268446121020480266e+00
2.632632632632632586e+00 8.925429696899078724e-03
2.642642642642642592e+00 2.431863712128392141e+00
2.652652652652652598e+00 1.501217763833503360e-01
2.662662662662662605e+00 -2.002152588488416152e-01
2.672672672672672611e+00 -5.617397532934442772e+00
2.682682682682682618e+00 -3.082607453782276963e+00
2.692692692692692624e+00 -2.260559576133820858e+00
2.702702702702702631e+00 -3.864614948934506078e+00
2.712712712712712637e+00 2.218454747791059223e+00
2.722722722722722644e+00 -1.739301522569558056e+00
2.732732732732732650e+00 -1.695162103111305107e-01
2.742742742742742657e+00 -4.908796788190062377e-01
2.752752752752752663e+00 -3.065890567672614253e+00
2.762762762762762669e+00 -1.154831511015790957e+00
2.772772772772772676e+00 -4.677869830072566293e-01
2.782782782782782682e+00 4.877799709263290318e+00
2.792792792792792689e+00 -1.831193380661984671e+00
2.802802802802802695e+00 7.916701354182211769e-01
2.812812812812812702e+00 8.410057029631727854e-01
2.822822822822822708e+00 -3.564267077001630035e+00
2.832832832832832715e+00 1.377293881397875674e+00
2.842842842842842721e+00 -4.596113509385281404e+00
2.852852852852852727e+00 4.420052753016749492e+00
2.862862862862862734e+00 -1.855157220404429763e+00
2.872872872872872740e+00 -2.057672912841447932e+00
2.882882882882882747e+00 2.106490329007731699e+00
2.892892892892892753e+00 -5.011121163382625809e+00
2.902902902902902760e+00 -2.601514840246642812e+00
2.912912912912912766e+00 6.862828516355850006e-01
2.922922922922922773e+00 -5.562744865411732853e-01
2.932932932932932779e+00 -9.918368759108184829e-01
2.942942942942942786e+00 3.353195613367337957e-01
2.952952952952952792e+00 2.507534149891910147e+00
2.962962962962962798e+00 -2.442324829772215544e-01
2.972972972972972805e+00 8.075698714294210490e-01
2.982982982982982811e+00 -4.286121445552251608e+00
2.992992992992992818e+00 1.915039446060138872e-01
3.003003003003002824e+00 1.303822776886789381e-01
3.013013013013012831e+00 -3.110950526789608261e+00
3.023023023023022837e+00 4.060009491195255116e+00
3.033033033033032844e+00 1.156506703054063223e+00
3.043043043043042850e+00 -5.951008759850790142e+00
3.053053053053052857e+00 -2.841168769996131438e+00
3.063063063063062863e+00 -1.052029557431265250e+00
3.073073073073072869e+00 -3.273848362536296186e+00
3.083083083083082876e+00 1.482933005417482741e-01
3.093093093093092882e+00 1.962801634106527082e+00
3.103103103103102889e+00 -7.818566900698307176e-01
3.113113113113112895e+00 1.310718431446814991e+00
3.123123123123122902e+00 -2.795635531290663778e+00
3.133133133133132908e+00 -1.763314610589373332e+00
3.143143143143142915e+00 2.167842120409238404e+00
3.153153153153152921e+00 -1.292901293654691086e+00
3.163163163163162928e+00 2.068857650916801738e+00
3.173173173173172934e+00 2.316004094145335035e+00
3.183183183183182940e+00 -6.272242617544923071e+00
3.193193193193192947e+00 -1.770126281680715952e+00
3.203203203203202953e+00 -1.132350688248841442e+00
3.213213213213213404e+00 2.102855375792106241e+00
3.223223223223223410e+00 -1.963718965304221964e+00
3.233233233233233417e+00 -4.531013275732988177e+00
3.243243243243243423e+00 -1.350377388432287162e+00
3.253253253253253430e+00 4.694893901736600927e-01
3.263263263263263436e+00 2.058816952407634737e+00
3.273273273273273443e+00 -2.603894788781610181e+00
3.283283283283283449e+00 2.555053236962550933e+00
3.293293293293293456e+00 2.834379831475570821e+00
3.303303303303303462e+00 -8.330407935260322194e-01
3.313313313313313468e+00 1.507995656981071519e-01
3.323323323323323475e+00 -2.216299190724969392e+00
3.333333333333333481e+00 3.772265275481569979e+00
3.343343343343343488e+00 -1.317209447057855476e+00
3.353353353353353494e+00 1.241232685916154210e+00
3.363363363363363501e+00 -2.593573455632348868e+00
3.373373373373373507e+00 -4.915584038475275808e-01
3.383383383383383514e+00 -1.599879936531008351e+00
3.393393393393393520e+00 2.915242914873410918e+00
3.403403403403403527e+00 -2.405712189794744216e-01
3.413413413413413533e+00 -4.867516527995987552e-01
3.423423423423423539e+00 -1.138739661121586089e-01
3.433433433433433546e+00 1.592953077852009347e+00
3.443443443443443552e+00 7.610990687175871461e-01
3.453453453453453559e+00 3.401430039698788654e+00
3.463463463463463565e+00 -2.961291564222777062e+00
3.473473473473473572e+00 1.378600197099953517e+00
3.483483483483483578e+00 -2.811640007533504182e+00
3.493493493493493585e+00 -1.619844523435091110e-01
3.503503503503503591e+00 9.471434825985016737e-01
3.513513513513513598e+00 -1.255312983426048579e+00
3.523523523523523604e+00 4.241124412214860584e+00
3.533533533533533610e+00 -2.956799012140508776e+00
3.543543543543543617e+00 2.005598180869243130e+00
3.553553553553553623e+00 -1.402795855121711455e+00
3.563563563563563630e+00 1.251480914301476233e+00
3.573573573573573636e+00 -9.804825872809819209e-02
3.583583583583583643e+00 5.201764269385366068e-01
3.593593593593593649e+00 2.731508312791157245e+00
3.603603603603603656e+00 -1.385319368448268307e+00
3.613613613613613662e+00 1.142981421031326883e-01
3.623623623623623669e+00 -1.316170725283673182e+00
3.633633633633633675e+00 -5.781624560026712434e-01
3.643643643643643681e+00 2.296150771698239335e-01
3.653653653653653688e+00 -2.592521622580450824e+00
3.663663663663663694e+00 1.470143595684977766e+00
3.673673673673673701e+00 1.531010687155245575e+00
3.683683683683683707e+00 2.685402338193223493e+00
3.693693693693693714e+00 1.183039876080832054e+00
3.703703703703703720e+00 -6.882425788871489036e-01
3.713713713713713727e+00 6.113982565807065672e-01
3.723723723723723733e+00 4.580739629991589901e+00
3.733733733733733740e+00 -2.462551559989039518e+00
3.743743743743743746e+00 1.074671161200400515e+00
3.753753753753753752e+00 -6.909124734293125014e-01
3.763763763763763759e+00 3.342838523579079180e+00
3.773773773773773765e+00 -6.296047409352918400e+00
3.783783783783783772e+00 6.330684931975005814e-01
3.793793793793793778e+00 -1.742618751613913108e+00
3.803803803803803785e+00 1.610684143117949496e+00
3.813813813813813791e+00 -2.214656367092380229e+00
3.823823823823823798e+00 1.902009847296104450e+00
3.833833833833833804e+00 3.291435480708102546e-01
3.843843843843843811e+00 -4.859382051519255619e+00
3.853853853853853817e+00 -2.489999539909013571e+00
3.863863863863863823e+00 -5.984658305916371601e-01
3.873873873873873830e+00 4.093547315778787721e-01
3.883883883883883836e+00 3.612438612593600329e-01
3.893893893893893843e+00 -2.325830050427306617e+00
3.903903903903903849e+00 2.637484267966278217e+00
3.913913913913913856e+00 -2.333356160159887782e+00
3.923923923923923862e+00 2.194999371942546240e+00
3.933933933933933869e+00 -2.278657231712601039e+00
3.943943943943943875e+00 5.431765073779962760e-01
3.953953953953953881e+00 3.134593960817586566e+00
3.963963963963963888e+00 3.146423253339606596e+00
3.973973973973973894e+00 1.621590934415360730e+00
3.983983983983983901e+00 6.780489240120621819e-01
3.993993993993993907e+00 -5.884685609087919822e+00
4.004004004004004358e+00 1.158613086707781514e+00
4.014014014014014364e+00 -5.441203216940546650e-01
4.024024024024024371e+00 3.367989886133395228e+00
4.034034034034034377e+00 -2.475542661621339846e+00
4.044044044044044384e+00 2.185491860863743696e+00
4.054054054054054390e+00 1.789035810020906059e+00
4.064064064064064397e+00 -9.337566500173215545e-01
4.074074074074074403e+00 -6.836466575508524102e-01
4.084084084084084409e+00 3.868562691457771763e+00
4.094094094094094416e+00 5.113602133407632033e-01
4.104104104104104422e+00 -1.876722910012742274e+00
4.114114114114114429e+00 2.728848081491979105e-01
4.124124124124124435e+00 -5.182877780573375004e-01
4.134134134134134442e+00 7.005552801469667745e-01
4.144144144144144448e+00 -1.453821479879608081e+00
4.154154154154154455e+00 -1.998069788022398541e+00
4.164164164164164461e+00 6.583162044410362235e-01
4.174174174174174468e+00 7.859398144472251602e-02
4.184184184184184474e+00 -3.946388688890811736e-02
4.194194194194194480e+00 5.648465216498567143e-01
4.204204204204204487e+00 8.308445543578661940e-01
4.214214214214214493e+00 2.301079131408353184e+00
4.224224224224224500e+00 -2.282755687785915644e+00
4.234234234234234506e+00 5.266985300987575558e-01
4.244244244244244513e+00 2.959215566378188833e-01
4.254254254254254519e+00 7.595009698727248626e-01
4.264264264264264526e+00 2.843464333627968799e+00
4.274274274274274532e+00 -5.372075038766656041e-01
4.284284284284284539e+00 2.236217119864812586e-02
4.294294294294294545e+00 -2.218560124049412607e+00
4.304304304304304551e+00 1.167030389077928110e+00
4.314314314314314558e+00 1.997267567933241672e+00
4.324324324324324564e+00 4.801951500640930792e-01
4.334334334334334571e+00 1.008100327093599757e+00
4.344344344344344577e+00 1.020803826735488196e+00
4.354354354354354584e+00 -2.172155643244742862e+00
4.364364364364364590e+00 -1.936072270781464155e+00
4.374374374374374597e+00 6.854460029301882029e-01
4.384384384384384603e+00 2.628140677846789508e+00
4.394394394394394610e+00 1.209372957703417573e+00
4.404404404404404616e+00 3.277815933717861174e+00
4.414414414414414622e+00 -8.859853086731364069e-01
4.424424424424424629e+00 1.802498348068515277e-01
4.434434434434434635e+00 -1.706534866129017169e+00
4.444444444444444642e+00 -3.533753715091089376e+00
4.454454454454454648e+00 -1.982106381600033274e+00
4.464464464464464655e+00 2.494987336560341995e-01
4.474474474474474661e+00 2.113100120743320431e+00
4.484484484484484668e+00 -2.130972767552163472e+00
4.494494494494494674e+00 -1.038101808575991658e+00
4.504504504504504681e+00 9.349035957486828696e-01
4.514514514514514687e+00 -2.453983794198902224e+00
4.524524524524524693e+00 2.925203964793006151e+00
4.534534534534534700e+00 -1.227409407597668700e+00
4.544544544544544706e+00 1.943351943764192402e+00
4.554554554554554713e+00 2.391737138842312538e-01
4.564564564564564719e+00 -2.109182761517379046e+00
4.574574574574574726e+00 -2.286709415578494387e+00
4.584584584584584732e+00 2.098094106560085326e+00
4.594594594594594739e+00 1.100803454477943477e+00
4.604604604604604745e+00 -4.223525195906400853e+00
4.614614614614614752e+00 1.428413602376347402e+00
4.624624624624624758e+00 -1.262556524336075015e+00
4.634634634634634764e+00 -2.826031127099807083e+00
4.644644644644644771e+00 1.351932908567893277e-01
4.654654654654654777e+00 5.789062638726409915e-01
4.664664664664664784e+00 -2.983592896142398754e+00
4.674674674674674790e+00 -6.537216142811661523e-01
4.684684684684684797e+00 4.920021934291998633e+00
4.694694694694694803e+00 2.345378683237896666e+00
4.704704704704704810e+00 6.080862596030924827e-01
4.714714714714714816e+00 2.406950288087091661e+00
4.724724724724724823e+00 -3.034372600111326257e+00
4.734734734734734829e+00 -1.675371222289664619e+00
4.744744744744744835e+00 -3.681099360248571983e+00
4.754754754754754842e+00 5.630300260277507185e+00
4.764764764764764848e+00 3.449830667798288175e-01
4.774774774774774855e+00 -2.110881021323751938e-01
4.784784784784784861e+00 3.323663740680925738e+00
4.794794794794794868e+00 -1.741087779324488327e+00
4.804804804804804874e+00 1.060555264579341017e+00
4.814814814814814881e+00 -2.245485093269219412e+00
4.824824824824824887e+00 -9.107777566944214032e-01
4.834834834834834894e+00 5.187219208441702367e-01
4.844844844844844900e+00 -2.914698301567820504e+00
4.854854854854854906e+00 6.116858261869203561e-01
4.864864864864864913e+00 -1.953317707694369076e+00
4.874874874874874919e+00 -1.221266727182038769e-01
4.884884884884884926e+00 2.087811044517262626e+00
4.894894894894894932e+00 -5.031029971010959834e+00
4.904904904904904939e+00 -1.299786779490745170e+00
4.914914914914914945e+00 -3.446871461070722398e-01
4.924924924924924952e+00 1.907427731828713613e+00
4.934934934934934958e+00 -5.186871660951037022e+00
4.944944944944944965e+00 -3.105149937899316814e+00
4.954954954954954971e+00 -1.282470973562814809e+00
4.964964964964964977e+00 -4.409497951968837981e+00
4.974974974974974984e+00 3.703856607404851786e+00
4.984984984984984990e+00 6.354079340470822901e-01
4.994994994994994997e+00 2.948818634193742572e+00
5.005005005005005003e+00 -3.316693455148653769e+00
5.015015015015015010e+00 -5.294314653845940910e+00
5.025025025025025016e+00 1.153850848642319793e+00
5.035035035035035023e+00 2.039119221474483545e+00
5.045045045045045029e+00 -4.458116729842480641e-01
5.055055055055055035e+00 1.253489715077641620e+00
5.065065065065065042e+00 6.438145867973499303e-02
5.075075075075075048e+00 1.783240578292193124e-01
5.085085085085085055e+00 5.536228812487886675e-01
5.095095095095095061e+00 -2.476411440827604782e+00
5.105105105105105068e+00 -2.702705769967484351e+00
5.115115115115115074e+00 3.388591406041204790e-01
5.125125125125125081e+00 1.305146299602086613e+00
5.135135135135135087e+00 6.631333052570111963e-01
5.145145145145145094e+00 4.239720725600184537e+00
5.155155155155155100e+00 -1.452178464811810787e-01
5.165165165165165106e+00 -4.090235736649512788e+00
5.175175175175175113e+00 -8.422667553997829071e-01
5.185185185185185119e+00 -3.750581080885500462e+00
5.195195195195195126e+00 9.122433157696069328e-01
5.205205205205205132e+00 3.378974686350888490e+00
5.215215215215215139e+00 1.787303641804803389e+00
5.225225225225225145e+00 -1.579290332404057917e+00
5.235235235235235152e+00 5.858387117018157841e-01
5.245245245245245158e+00 -1.873767389230527769e+00
5.255255255255255165e+00 3.423838846367498689e+00
5.265265265265265171e+00 3.654101352847574979e+00
5.275275275275275177e+00 -7.366983078979213451e-01
5.285285285285285184e+00 2.696161099187259325e+00
5.295295295295295190e+00 -3.455376052837578538e+00
5.305305305305305197e+00 4.350573470972198820e+00
5.315315315315315203e+00 1.016779456819671079e+00
5.325325325325325210e+00 -1.591595082863371813e-01
5.335335335335335216e+00 1.112743896697836909e+00
5.345345345345345223e+00 7.342875283262462194e-01
5.355355355355355229e+00 2.069115015358265808e+00
5.365365365365365236e+00 -3.948923594302854445e-01
5.375375375375375242e+00 -2.087838932682863913e+00
5.385385385385385248e+00 -2.240353728026622804e+00
5.395395395395395255e+00 -1.696247513995204459e+00
5.405405405405405261e+00 -1.215431350902313357e+00
5.415415415415415268e+00 -2.115401428468711043e+00
5.425425425425425274e+00 2.343583649257629631e+00
5.435435435435435281e+00 -2.551726808530538904e+00
5.445445445445445287e+00 -8.867705915946726414e-01
5.455455455455455294e+00 2.236116500165266530e+00
5.465465465465465300e+00 -1.903503380042051107e+00
5.475475475475475307e+00 3.229287011945758401e+00
5.485485485485485313e+00 2.874081940391334467e+00
5.495495495495495319e+00 7.411493162346503016e-01
5.505505505505505326e+00 3.974315412920935708e-01
5.515515515515515332e+00 7.149076697372740430e-01
5.525525525525525339e+00 -3.941617979616986567e+00
5.535535535535535345e+00 -4.264337084794231458e+00
5.545545545545545352e+00 3.046979715200851535e-01
5.555555555555555358e+00 1.933105838749677563e+00
5.565565565565565365e+00 2.276568183367436493e+00
5.575575575575575371e+00 1.584969308598167537e+00
5.585585585585585378e+00 1.615085465367382067e+00
5.595595595595595384e+00 -1.436801053784971582e+00
5.605605605605605390e+00 -6.497574383641237183e+00
5.615615615615615397e+00 -9.993430761073502921e-01
5.625625625625625403e+00 -7.195334422570984767e-01
5.635635635635635410e+00 4.626967456585054705e+00
5.645645645645645416e+00 5.308718775828680236e+00
5.655655655655655423e+00 -1.538853873008100503e+00
5.665665665665665429e+00 1.387521003253007201e+00
5.675675675675675436e+00 -1.239361468096024765e+00
5.685685685685685442e+00 -5.708850020957783045e-01
5.695695695695695449e+00 3.208873415386656269e+00
5.705705705705705455e+00 -1.845132445656348930e+00
5.715715715715715461e+00 2.528073415256010037e+00
5.725725725725725468e+00 -4.754777037157038033e-01
5.735735735735735474e+00 9.305537380564304906e-01
5.745745745745745481e+00 -1.566385517647089332e+00
5.755755755755755487e+00 2.569878776104687734e+00
5.765765765765765494e+00 4.874865832553264333e+00
5.775775775775775500e+00 -3.433978665196649072e+00
5.785785785785785507e+00 -2.409554776100959472e-01
5.795795795795795513e+00 3.147486321089748351e+00
5.805805805805805520e+00 -6.485350963559791682e-01
5.815815815815815526e+00 -3.715490835779644119e+00
5.825825825825825532e+00 -1.868234091345753800e+00
5.835835835835835539e+00 -7.838312452503919392e-01
5.845845845845845545e+00 5.488110050954723151e-01
5.855855855855855552e+00 1.790231809101759275e+00
5.865865865865865558e+00 7.271533322831426061e-01
5.875875875875875565e+00 5.789140361229390130e-01
5.885885885885885571e+00 -3.289058645824605165e-02
5.895895895895895578e+00 -2.626447898756688382e+00
5.905905905905905584e+00 1.306384537190014239e+00
5.915915915915915591e+00 -2.797665047797236682e+00
5.925925925925925597e+00 2.373540143255692847e+00
5.935935935935935603e+00 3.101796627311562027e+00
5.945945945945945610e+00 2.628757753572123157e+00
5.955955955955955616e+00 -2.464152500943091795e+00
5.965965965965965623e+00 -2.500903520798654966e+00
5.975975975975975629e+00 -1.530521061426517893e+00
5.985985985985985636e+00 1.141717204191951884e+00
5.995995995995995642e+00 -1.335949845716843054e+00
6.006006006006005649e+00 9.988345672014214971e-01
6.016016016016015655e+00 -5.602946532610884045e-01
6.026026026026025662e+00 2.101105966263685509e+00
6.036036036036035668e+00 -9.009637274332078505e-01
6.046046046046045674e+00 4.100964279408150226e-01
6.056056056056055681e+00 -1.852151150558226211e+00
6.066066066066065687e+00 3.894646121710258146e+00
6.076076076076075694e+00 1.326022908640833053e+00
6.086086086086085700e+00 -5.586620207541580285e+00
6.096096096096095707e+00 1.333426372294733708e-01
6.106106106106105713e+00 2.336801512075521003e+00
6.116116116116115720e+00 7.779107324203036189e-01
6.126126126126125726e+00 -2.695324622582561669e-01
6.136136136136135732e+00 -2.186595952326698900e+00
6.146146146146145739e+00 1.157802407490198249e+00
6.156156156156155745e+00 -1.078104484669574425e+00
6.166166166166165752e+00 3.060557007361231818e+00
6.176176176176175758e+00 -2.942703350079414193e-01
6.186186186186185765e+00 -8.726776541409102528e-01
6.196196196196195771e+00 2.811526187940085464e+00
6.206206206206205778e+00 -3.603451156615867568e+00
6.216216216216215784e+00 1.724486172912955695e+00
6.226226226226225791e+00 2.609604021129835694e+00
6.236236236236235797e+00 9.419691602718234247e-01
6.246246246246245803e+00 -8.878994326632306811e-01
6.256256256256255810e+00 -8.053691101172124611e-01
6.266266266266265816e+00 1.671827938408513070e+00
6.276276276276275823e+00 4.365860987625451717e-01
6.286286286286285829e+00 2.564029994362019060e+00
6.296296296296295836e+00 3.028362931078685705e+00
6.306306306306305842e+00 5.353897378590815048e-01
6.316316316316315849e+00 7.410345878582386137e-02
6.326326326326325855e+00 -2.499729168322863071e+00
6.336336336336335862e+00 -1.407005572415858108e-01
6.346346346346345868e+00 -3.191858055857995424e+00
6.356356356356355874e+00 1.079327331226031195e+00
6.366366366366365881e+00 -2.798660150910093236e+00
6.376376376376375887e+00 2.714075554282566749e-01
6.386386386386385894e+00 3.170548279103701184e+00
6.396396396396395900e+00 -5.256576951350179883e+00
6.406406406406405907e+00 3.967965973067224539e+00
6.416416416416416801e+00 1.757850480738172738e+00
6.426426426426426808e+00 7.489296151442410565e-01
6.436436436436436814e+00 2.649974682549238736e+00
6.446446446446446821e+00 2.511603349948014596e+00
6.456456456456456827e+00 -7.951730305753090811e-01
6.466466466466466834e+00 -2.258952864836116792e+00
6.476476476476476840e+00 3.792433164900702813e+00
6.486486486486486847e+00 1.004178500211194480e+00
6.496496496496496853e+00 3.825414148648491608e+00
6.506506506506506859e+00 1.162478307795198340e+00
6.516516516516516866e+00 4.252091516544572514e+00
6.526526526526526872e+00 -2.710601250417032926e+00
6.536536536536536879e+00 -1.615995069349047908e+00
6.546546546546546885e+00 -4.649531050626770856e+00
6.556556556556556892e+00 -1.894118618681524424e+00
6.566566566566566898e+00 -1.520593762630796597e+00
6.576576576576576905e+00 1.480239175277739960e+00
6.586586586586586911e+00 2.337176848316235844e+00
6.596596596596596918e+00 2.288479220546246307e+00
6.606606606606606924e+00 -1.825468221659789281e+00
6.616616616616616930e+00 -7.905492058495191543e-01
6.626626626626626937e+00 2.034647980689622049e+00
6.636636636636636943e+00 -1.279623657846344242e+00
6.646646646646646950e+00 1.968439491098042504e+00
6.656656656656656956e+00 1.014016349360136182e+00
6.666666666666666963e+00 1.150876285193650705e+00
6.676676676676676969e+00 -2.082156252995566614e+00
6.686686686686686976e+00 -1.254768702841044359e+00
6.696696696696696982e+00 7.956689032678831985e-01
6.706706706706706989e+00 -2.236720512335891087e+00
6.716716716716716995e+00 -1.977811407161150781e+00
6.726726726726727001e+00 -5.995702344966009623e-01
6.736736736736737008e+00 9.225849869867676079e-01
6.746746746746747014e+00 -3.263528132498123568e-01
6.756756756756757021e+00 2.543955019981965826e+00
6.766766766766767027e+00 -2.500320539404708442e-01
6.776776776776777034e+00 -2.067395194572497985e+00
6.786786786786787040e+00 4.269258421978746054e-01
6.796796796796797047e+00 -1.639046325492108380e+00
6.806806806806807053e+00 4.133019797649470917e+00
6.816816816816817060e+00 -9.040728844421030974e-01
6.826826826826827066e+00 4.066683379748685212e+00
6.836836836836837072e+00 1.596717028296844365e+00
6.846846846846847079e+00 -3.389075576587296634e+00
6.856856856856857085e+00 1.570406141364638630e-01
6.866866866866867092e+00 9.956312592061367095e-02
6.876876876876877098e+00 4.035632702486512180e+00
6.886886886886887105e+00 -3.293807948271901154e+00
6.896896896896897111e+00 -9.099329157789595168e-01
6.906906906906907118e+00 -9.036312877763682527e-01
6.916916916916917124e+00 -3.201184290768497753e+00
6.926926926926927131e+00 -9.000248961253075608e-01
6.936936936936937137e+00 5.489677191528969935e+00
6.946946946946947143e+00 -4.818158357060580155e-01
6.956956956956957150e+00 3.642207233247984455e+00
6.966966966966967156e+00 -3.099328414737635651e+00
6.976976976976977163e+00 2.108442123753491160e+00
6.986986986986987169e+00 -1.918117777523241640e+00
6.996996996996997176e+00 4.553681119762690521e+00
7.007007007007007182e+00 -3.246727029220389249e-01
7.017017017017017189e+00 3.655689116772775638e+00
7.027027027027027195e+00 -4.750570716915203384e-01
7.037037037037037202e+00 1.763636675177756574e+00
7.047047047047047208e+00 1.503780630680882746e+00
7.057057057057057214e+00 -2.684872082143179295e+00
7.067067067067067221e+00 -3.301795025777369275e-01
7.077077077077077227e+00 -1.362582292101567560e+00
7.087087087087087234e+00 1.529179510710277023e+00
7.097097097097097240e+00 7.297851117536056087e-01
7.107107107107107247e+00 -9.627791841343144030e-01
7.117117117117117253e+00 2.404363026119062052e+00
7.127127127127127260e+00 -2.329108157944726365e+00
7.137137137137137266e+00 -3.035191460596232016e+00
7.147147147147147273e+00 -2.511875819681866684e+00
7.157157157157157279e+00 -1.683188771302497555e+00
7.167167167167167285e+00 3.607203430310404801e+00
7.177177177177177292e+00 -1.843110730510909345e+00
7.187187187187187298e+00 2.990058300381035039e+00
7.197197197197197305e+00 8.417323483782601645e-01
7.207207207207207311e+00 -1.469001706917525407e+00
7.217217217217217318e+00 -4.560762035621326316e-01
7.227227227227227324e+00 -3.650675445112437689e+00
7.237237237237237331e+00 3.143165020443302371e+00
7.247247247247247337e+00 5.024636081430093881e-01
7.257257257257257343e+00 9.622906473485558498e-01
7.267267267267267350e+00 -1.575221705009276718e+00
7.277277277277277356e+00 -3.644837815886107446e+00
7.287287287287287363e+00 -3.757157400454127494e+00
7.297297297297297369e+00 2.387087821369926033e+00
7.307307307307307376e+00 2.380333897639057117e+00
7.317317317317317382e+00 1.530106926128078637e+00
7.327327327327327389e+00 -3.538257879540174233e-02
7.337337337337337395e+00 -1.543023837906630225e-01
7.347347347347347402e+00 1.367631833940978758e+00
7.357357357357357408e+00 1.063775078089689297e+00
7.367367367367367414e+00 4.159017380707082268e+00
7.377377377377377421e+00 -4.035735886717469079e+00
7.387387387387387427e+00 1.988002458806035211e-01
7.397397397397397434e+00 -1.732451171413078139e+00
7.407407407407407440e+00 -8.521116926296108396e-01
7.417417417417417447e+00 -3.154542045880067036e+00
7.427427427427427453e+00 -4.007421130076074256e-01
7.437437437437437460e+00 5.111157358315798760e-02
7.447447447447447466e+00 -5.760154999944223642e-01
7.457457457457457473e+00 -2.051979624127138635e+00
7.467467467467467479e+00 -6.156804444204223570e-01
7.477477477477477485e+00 1.739614216536326419e+00
7.487487487487487492e+00 -1.023208947852169537e+00
7.497497497497497498e+00 -2.717368719460142135e+00
7.507507507507507505e+00 -1.264917212825403370e+00
7.517517517517517511e+00 -2.410755430030672386e+00
7.527527527527527518e+00 3.139407194249977273e+00
7.537537537537537524e+00 -1.303210579675938785e+00
7.547547547547547531e+00 2.642129802602375399e+00
7.557557557557557537e+00 -5.102602417649660937e-01
7.567567567567567544e+00 -1.299625164116733789e+00
7.577577577577577550e+00 -3.363933187496900512e+00
7.587587587587587556e+00 -5.569143015274790054e-01
7.597597597597597563e+00 2.206119992353205994e+00
7.607607607607607569e+00 -1.473241428470574821e+00
7.617617617617617576e+00 -8.406046689186594811e-01
7.627627627627627582e+00 -1.314754411902663511e+00
7.637637637637637589e+00 -5.206104986084222341e-01
7.647647647647647595e+00 1.536262334150567899e+00
7.657657657657657602e+00 -2.864023156452020213e+00
7.667667667667667608e+00 1.018963074291434179e+00
7.677677677677677615e+00 7.213982149024755763e-01
7.687687687687687621e+00 1.379173221172026897e+00
7.697697697697697627e+00 2.568421617918348776e+00
7.707707707707707634e+00 -1.899460145181924631e+00
7.717717717717717640e+00 3.979048881337491350e-01
7.727727727727727647e+00 -2.878612667555565441e+00
7.737737737737737653e+00 -3.688504078769725414e-01
7.747747747747747660e+00 3.882709230957739788e+00
7.757757757757757666e+00 3.342131274161251220e+00
7.767767767767767673e+00 -7.195047700875152330e-01
7.777777777777777679e+00 -9.886189578904809316e-01
7.787787787787787686e+00 -3.126819351013496728e+00
7.797797797797797692e+00 2.104283202895256721e+00
7.807807807807807698e+00 3.049772752184582103e+00
7.817817817817817705e+00 -2.954386474483390868e-01
7.827827827827827711e+00 7.187882126414840478e+00
7.837837837837837718e+00 1.211486203098380621e+00
7.847847847847847724e+00 -1.847205368337266007e+00
7.857857857857857731e+00 3.002471050481332338e+00
7.867867867867867737e+00 1.279427331968834736e+00
7.877877877877877744e+00 1.974724958564870514e+00
7.887887887887887750e+00 -3.716562747089751095e-01
7.897897897897897757e+00 -6.448359591074237507e-01
7.907907907907907763e+00 1.691086451939133095e+00
7.917917917917917769e+00 6.810111523927027122e-01
7.927927927927927776e+00 7.655940282044004785e-01
7.937937937937937782e+00 -1.855588639204906132e+00
7.947947947947947789e+00 1.528487560574588011e+00
7.957957957957957795e+00 2.007070939138473342e+00
7.967967967967967802e+00 8.307670913064684193e-01
7.977977977977977808e+00 5.013744031485047881e-01
7.987987987987987815e+00 4.236550221724670884e-01
7.997997997997997821e+00 4.577633478502582953e-01
8.008008008008008716e+00 6.801118325709092360e-01
8.018018018018018722e+00 1.261093355464979249e+00
8.028028028028028729e+00 1.935044964448596083e+00
8.038038038038038735e+00 2.387132505772028068e+00
8.048048048048048742e+00 4.429706214090929350e-01
8.058058058058058748e+00 4.348346414036666552e+00
8.068068068068068754e+00 -1.308193292355130932e+00
8.078078078078078761e+00 -2.211231239816078720e+00
8.088088088088088767e+00 -2.608948673946337671e+00
8.098098098098098774e+00 4.318589492248475992e+00
8.108108108108108780e+00 6.715915644288239505e-01
8.118118118118118787e+00 5.025780641491666145e+00
8.128128128128128793e+00 -8.635558730361490021e-01
8.138138138138138800e+00 3.101359150722054814e+00
8.148148148148148806e+00 -1.353196471820230951e+00
8.158158158158158813e+00 4.723540136537933698e-01
8.168168168168168819e+00 -3.267785725999097224e-01
8.178178178178178825e+00 1.894366292500690996e+00
8.188188188188188832e+00 1.842563831748455616e+00
8.198198198198198838e+00 2.066064015731632786e+00
8.208208208208208845e+00 -2.283386159024326512e-01
8.218218218218218851e+00 -1.970663051840466196e+00
8.228228228228228858e+00 8.789578870371030916e-01
8.238238238238238864e+00 1.709528130702955728e+00
8.248248248248248871e+00 1.019725954115416888e-01
8.258258258258258877e+00 2.361949802845341395e+00
8.268268268268268884e+00 5.423594823126569597e-01
8.278278278278278890e+00 -1.755646570548818897e-02
8.288288288288288896e+00 1.576672329849887477e+00
8.298298298298298903e+00 -2.635772883892081975e+00
8.308308308308308909e+00 1.734492199464413797e+00
8.318318318318318916e+00 -2.151794506371667026e+00
8.328328328328328922e+00 1.180641344745879229e+00
8.338338338338338929e+00 3.992440205358145366e-01
8.348348348348348935e+00 -5.033465315566376219e+00
8.358358358358358942e+00 7.197619095901161002e-01
8.368368368368368948e+00 -5.273551638702523192e+00
8.378378378378378954e+00 2.148596863579884442e+00
8.388388388388388961e+00 2.722470448611462590e-01
8.398398398398398967e+00 4.267026966606652372e-01
8.408408408408408974e+00 3.598351601924817178e+00
8.418418418418418980e+00 -9.225302737348251014e-01
8.428428428428428987e+00 1.295264164598552536e+00
8.438438438438438993e+00 -1.931147879844650639e+00
8.448448448448449000e+00 -2.177145012197660545e+00
8.458458458458459006e+00 -1.035983567179379117e+00
8.468468468468469013e+00 -1.060847633659157463e+00
8.478478478478479019e+00 3.585447436768374629e+00
8.488488488488489025e+00 -2.088919954123897860e+00
8.498498498498499032e+00 -5.559868895021982116e-01
8.508508508508509038e+00 -9.033159641313086574e-01
8.518518518518519045e+00 -2.758732926104509042e-01
8.528528528528529051e+00 -1.539194088496852020e+00
8.538538538538539058e+00 -1.740373659506003978e+00
8.548548548548549064e+00 -3.167102222604547546e-01
8.558558558558559071e+00 2.841020003437783714e+00
8.568568568568569077e+00 -1.983216589941102947e+00
8.578578578578579084e+00 -3.999138124100827252e-01
8.588588588588589090e+00 -3.905487766973032571e+00
8.598598598598599096e+00 8.844432113477375124e-01
8.608608608608609103e+00 2.783100461010832305e+00
8.618618618618619109e+00 8.456273038893629135e-01
8.628628628628629116e+00 -1.101873486841080663e+00
8.638638638638639122e+00 1.283571863633161003e+00
8.648648648648649129e+00 2.930343225973499610e-01
8.658658658658659135e+00 -1.031352901566180646e+00
8.668668668668669142e+00 1.588475997004246132e+00
8.678678678678679148e+00 1.137586379630750155e+00
8.688688688688689155e+00 -4.664609486489477153e-01
8.698698698698699161e+00 -4.010767546250110227e-02
8.708708708708709167e+00 -1.036893918365964229e-01
8.718718718718719174e+00 -6.412655710169736789e-01
8.728728728728729180e+00 -9.133639015510460757e-01
8.738738738738739187e+00 -1.872032659941971433e+00
8.748748748748749193e+00 -4.859374555824009789e+00
8.758758758758759200e+00 -3.736468858935151349e-01
8.768768768768769206e+00 -1.695513249931908994e+00
8.778778778778779213e+00 -9.004522516294863888e-01
8.788788788788789219e+00 3.867174452699129183e-02
8.798798798798799226e+00 -2.610955443327675152e+00
8.808808808808809232e+00 6.693825072499461015e+00
8.818818818818819238e+00 -3.758953171700066598e+00
8.828828828828829245e+00 -1.213078814961046081e+00
8.838838838838839251e+00 1.316358447916255781e+00
8.848848848848849258e+00 -1.487432662597818922e+00
8.858858858858859264e+00 3.570035314876438992e+00
8.868868868868869271e+00 -4.242438828778111848e+00
8.878878878878879277e+00 1.068612444843800136e+00
8.888888888888889284e+00 -5.004421223538877861e+00
8.898898898898899290e+00 -3.632263161599778023e+00
8.908908908908909297e+00 5.671289655285068898e-01
8.918918918918919303e+00 -1.034934042853307368e+00
8.928928928928929309e+00 -6.273971775741991053e-01
8.938938938938939316e+00 -9.631706094381686789e-02
8.948948948948949322e+00 -1.944502445692426029e+00
8.958958958958959329e+00 -7.645385153693757818e-01
8.968968968968969335e+00 -5.464753234124791748e-01
8.978978978978979342e+00 1.054920505714131540e+00
8.988988988988989348e+00 1.233479519256799883e-02
8.998998998998999355e+00 2.262392414637855786e+00
9.009009009009009361e+00 1.252698980068960299e+00
9.019019019019019368e+00 -1.428437642219102077e+00
9.029029029029029374e+00 -4.864317448041286518e+00
9.039039039039039380e+00 -2.120535158094789541e+00
9.049049049049049387e+00 1.223317369511131680e+00
9.059059059059059393e+00 2.853861270567175090e+00
9.069069069069069400e+00 3.807097908527548036e+00
9.079079079079079406e+00 1.449352023661666378e+00
9.089089089089089413e+00 -2.203077074722332274e+00
9.099099099099099419e+00 -2.770942689250689650e+00
9.109109109109109426e+00 -4.127122103705852751e+00
9.119119119119119432e+00 3.471457647283005876e+00
9.129129129129129439e+00 2.777867253094625788e-01
9.139139139139139445e+00 1.198437692080379646e+00
9.149149149149149451e+00 1.676459950183333270e+00
9.159159159159159458e+00 -2.932250001887680924e+00
9.169169169169169464e+00 -2.926500060521050606e-01
9.179179179179179471e+00 -7.987982041381742615e-01
9.189189189189189477e+00 6.844881744838311466e-01
9.199199199199199484e+00 -5.926178426111148312e-01
9.209209209209209490e+00 2.186789525316111593e+00
9.219219219219219497e+00 3.377392477764596279e+00
9.229229229229229503e+00 -1.916580097420579609e-01
9.239239239239239510e+00 1.766142148568769166e+00
9.249249249249249516e+00 -4.427536755772672805e+00
9.259259259259259522e+00 6.618785519134863238e-01
9.269269269269269529e+00 8.263264531549258107e-02
9.279279279279279535e+00 2.722885442923971944e+00
9.289289289289289542e+00 2.347703068677804872e+00
9.299299299299299548e+00 6.343044403423371280e-01
9.309309309309309555e+00 -4.511987499444911620e-01
9.319319319319319561e+00 -5.417843547717016151e-02
9.329329329329329568e+00 -3.014569473372309183e+00
9.339339339339339574e+00 -5.369605877004500094e+00
9.349349349349349581e+00 -1.834949802211700787e+00
9.359359359359359587e+00 2.213429878722860789e+00
9.369369369369369593e+00 -5.841371189190993629e-01
9.379379379379379600e+00 6.213804133416163111e+00
9.389389389389389606e+00 -1.186370492765763895e+00
9.399399399399399613e+00 -1.007277855104687481e+00
9.409409409409409619e+00 4.481923051499512867e-01
9.419419419419419626e+00 -1.758274202069659786e+00
9.429429429429429632e+00 2.220591038640796544e+00
9.439439439439439639e+00 -4.397495362600193358e-01
9.449449449449449645e+00 2.737004571753659299e+00
9.459459459459459651e+00 -4.248782961716992546e+00
9.469469469469469658e+00 -2.849449083647877856e+00
9.479479479479479664e+00 -7.198602882661627733e-01
9.489489489489489671e+00 9.490227170347764751e-02
9.499499499499499677e+00 -6.340091968037580017e-01
9.509509509509509684e+00 1.662414054529819385e+00
9.519519519519519690e+00 -3.063328022815862139e-01
9.529529529529529697e+00 1.018935129782903459e+00
9.539539539539539703e+00 1.768978761001655187e+00
9.549549549549549710e+00 -7.190498528768157760e-01
9.559559559559559716e+00 -2.312885935117064307e+00
9.569569569569569722e+00 3.618669609231357054e+00
9.579579579579579729e+00 1.105441296939283502e+00
9.589589589589589735e+00 2.764790021120425711e-01
9.599599599599599742e+00 7.116050075033908406e-01
9.609609609609609748e+00 -2.496362000431478378e+00
9.619619619619619755e+00 2.739506564890412110e-01
9.629629629629629761e+00 1.178618294562654878e+00
9.639639639639639768e+00 1.178851046147837645e+00
9.649649649649649774e+00 1.395397324537008377e+00
9.659659659659659781e+00 -2.621424231031959984e+00
9.669669669669669787e+00 4.042604297207279096e+00
9.679679679679679793e+00 7.120959786862768315e-01
9.689689689689689800e+00 2.072572458901042136e+00
9.699699699699699806e+00 -8.091147353164163114e-01
9.709709709709709813e+00 4.506887912787387318e-01
9.719719719719719819e+00 8.584022298216645863e-01
9.729729729729729826e+00 -3.637094920725590708e+00
9.739739739739739832e+00 4.488766771041458270e+00
9.749749749749749839e+00 1.868158618376555946e+00
9.759759759759759845e+00 5.653611097075813552e-01
9.769769769769769852e+00 -1.179098044563736902e+00
9.779779779779779858e+00 2.346063376161333647e+00
9.789789789789789864e+00 5.134040418133734462e+00
9.799799799799799871e+00 -6.319195794992953363e-01
9.809809809809809877e+00 1.943111262663859584e+00
9.819819819819819884e+00 3.051518994772062676e+00
9.829829829829829890e+00 -2.382720875909342784e+00
9.839839839839839897e+00 -4.470556928390264417e+00
9.849849849849849903e+00 2.076909538503232788e+00
9.859859859859859910e+00 2.267879173281965866e+00
9.869869869869869916e+00 -2.547483509554761660e+00
9.879879879879879923e+00 9.461114103872760861e-01
9.889889889889889929e+00 -6.300167946716673795e-01
9.899899899899899935e+00 -1.161270014524188987e+00
9.909909909909909942e+00 -3.334814369539972123e+00
9.919919919919919948e+00 -2.261094262888897255e+00
9.929929929929929955e+00 2.796880519496947048e+00
9.939939939939939961e+00 -8.443183338879678423e-01
9.949949949949949968e+00 1.735138885617857341e-01
9.959959959959959974e+00 3.139121664566303593e+00
9.969969969969969981e+00 -2.150801911725776616e+00
9.979979979979979987e+00 -2.857264184880278002e+00
9.989989989989989994e+00 -3.720536233099603241e+00
1.000000000000000000e+01 -2.307366028508049283e+00
