0.565056 38969
1.88208 38969
3.19911 38969
4.51614 38969
5.83317 38968
7.1502 38954
8.46722 38926
9.78425 38879
11.1013 38815
12.4183 38734
13.7353 38635
15.0524 38517
16.3694 38384
17.6864 38228
19.0034 38049
20.3205 37872
21.6375 37655
22.9545 37431
24.2716 37206
25.5886 36941
26.9056 36673
28.2226 36379
29.5397 36074
30.8567 35759
32.1737 35428
33.4908 35096
34.8078 34743
36.1248 34336
37.4418 33950
38.7589 33535
40.0759 33088
41.3929 32708
42.71 32259
44.027 31802
45.344 31350
46.661 30864
47.9781 30398
49.2951 29906
50.6121 29453
51.9291 28951
53.2462 28475
54.5632 27969
55.8802 27488
57.1973 26977
58.5143 26479
59.8313 25991
61.1483 25497
62.4654 25021
63.7824 24582
65.0994 24091
66.4165 23662
67.7335 23254
69.0505 22876
70.3675 22486
71.6846 22115
73.0016 21784
74.3186 21407
75.6357 21068
76.9527 20745
78.2697 20440
79.5867 20124
80.9038 19827
82.2208 19548
83.5378 19270
84.8549 18988
86.1719 18735
87.4889 18477
88.8059 18213
90.123 17978
91.44 17748
92.757 17510
94.074 17274
95.3911 17036
96.7081 16835
98.0251 16608
99.3422 16396
100.659 16199
101.976 15990
103.293 15803
104.61 15605
105.927 15423
107.244 15253
108.561 15072
109.878 14902
111.195 14732
112.512 14568
113.829 14398
115.146 14238
116.464 14077
117.781 13925
119.098 13767
120.415 13613
121.732 13466
123.049 13319
124.366 13182
125.683 13037
127 12894
128.317 12759
129.634 12622
130.951 12481
132.268 12340
133.585 12206
134.902 12058
136.219 11925
137.536 11790
138.853 11649
140.17 11516
141.487 11382
142.804 11241
144.121 11111
145.438 10979
146.755 10850
148.072 10706
149.389 10531
150.706 10448
152.023 10314
153.34 10189
154.657 10058
155.974 9933
157.291 9805
158.608 9685
159.925 9569
161.242 9451
162.56 9326
163.877 9213
165.194 9100
166.511 8985
167.828 8875
169.145 8760
170.462 8657
171.779 8533
173.096 8438
174.413 8338
175.73 8227
177.047 8117
178.364 8011
179.681 7902
180.998 7802
182.315 7690
183.632 7586
184.949 7482
186.266 7375
187.583 7271
188.9 7166
190.217 7059
191.534 6964
192.851 6857
194.168 6753
195.485 6656
196.802 6559
198.119 6463
199.436 6372
200.753 6279
202.07 6153
203.387 6104
204.704 6024
206.021 5936
207.338 5837
208.655 5771
209.973 5695
211.29 5607
212.607 5526
213.924 5446
215.241 5356
216.558 5281
217.875 5201
219.192 5116
220.509 5035
221.826 4951
223.143 4871
224.46 4788
225.777 4709
227.094 4630
228.411 4547
229.728 4467
231.045 4386
232.362 4310
233.679 4231
234.996 4147
236.313 4069
237.63 3990
238.947 3910
240.264 3831
241.581 3752
242.898 3673
244.215 3594
245.532 3519
246.849 3439
248.166 3365
249.483 3286
250.8 3211
252.117 3137
253.434 3061
254.751 2984
256.068 2914
257.386 2839
258.703 2760
260.02 2684
261.337 2610
262.654 2540
263.971 2480
265.288 2439
266.605 2432
267.922 2411
269.239 2404
270.556 2407
271.873 2400
273.19 2393
274.507 2384
275.824 2377
277.141 2373
278.458 2368
279.775 2362
281.092 2357
282.409 2350
283.726 2344
285.043 2337
286.36 2330
287.677 2324
288.994 2318
290.311 2313
291.628 2309
292.945 2304
294.262 2299
295.579 2295
296.896 2289
298.213 2282
299.53 2276
300.847 2270
302.164 2265
303.482 2261
304.799 2258
306.116 2254
307.433 2250
308.75 2245
310.067 2240
311.384 2236
312.701 2231
314.018 2226
315.335 2220
316.652 2213
317.969 2207
319.286 2201
320.603 2196
321.92 2191
323.237 2185
324.554 2178
325.871 2171
327.188 2164
328.505 2158
329.822 2152
331.139 2146
332.456 2140
333.773 2133
335.09 2125
336.407 2118
337.724 2111
339.041 2104
340.358 2096
341.675 2090
342.992 2082
344.309 2074
345.626 2068
346.943 2061
348.26 2055
349.577 2048
350.895 2042
352.212 2035
353.529 2028
354.846 2023
356.163 2017
357.48 2010
358.797 2003
360.114 1998
361.431 1994
362.748 1990
364.065 1984
365.382 1979
366.699 1975
368.016 1970
369.333 1965
370.65 1960
371.967 1957
373.284 1953
374.601 1949
375.918 1943
377.235 1937
378.552 1932
379.869 1926
381.186 1922
382.503 1918
383.82 1913
385.137 1908
386.454 1903
387.771 1898
389.088 1893
390.405 1889
391.722 1884
393.039 1880
394.356 1875
395.673 1871
396.99 1867
398.308 1864
399.625 1860
400.942 1858
402.259 1855
403.576 1854
404.893 1851
406.21 1847
407.527 1844
408.844 1841
410.161 1837
411.478 1833
412.795 1829
414.112 1826
415.429 1823
416.746 1820
418.063 1817
419.38 1812
420.697 1809
422.014 1805
423.331 1802
424.648 1799
425.965 1796